0.0
0.0
0.0
0.0
0.0
0.0
0.0
0.0
0.0
0.0
0.0
0.0
0.0
0.0
0.0
0.0
13.370040044177486
13.371929774624826
0.0
12.784105312296862
0.0
0.0
0.0
0.0
0.0
13.335794298560737
0.0
0.0
0.0
0.0
0.0
0.0
0.0
0.0
0.0
0.0
0.0
0.0
0.0
12.690855773512592
0.0
0.0
0.0
13.336430609239327
0.0
0.0
0.0
0.0
13.323378622127349
0.0
0.0
0.0
0.0
0.0
0.0
0.0
0.0
0.0
0.0
0.0
0.0
12.854784227431688
0.0
0.0
0.0
0.0
13.227455544523226
0.0
12.706033250200855
0.0
0.0
0.0
0.0
0.0
0.0
0.0
0.0
0.0
0.0
0.0
0.0
0.0
0.0
13.33310969155777
0.0
0.0
0.0
0.0
0.0
0.0
0.0
0.0
0.0
0.0
0.0
0.0
0.0
0.0
0.0
0.0
0.0
13.22184934537885
0.0
0.0
0.0
0.0
0.0
12.691509797590248
0.0
0.0
0.0
0.0
0.0
0.0
0.0
0.0
0.0
13.345920962275605
0.0
0.0
0.0
0.0
0.0
0.0
12.925291468232267
0.0
0.0
0.0
0.0
0.0
0.0
0.0
0.0
0.0
0.0
0.0
0.0
0.0
0.0
0.0
0.0
0.0
0.0
0.0
13.366558291863624
0.0
0.0
0.0
0.0
0.0
0.0
13.351448614450206
0.0
0.0
0.0
0.0
0.0
0.0
13.347719921428574
0.0
0.0
0.0
0.0
0.0
0.0
0.0
0.0
0.0
0.0
0.0
0.0
0.0
0.0
0.0
0.0
0.0
0.0
12.706032229885524
12.969771820965004
0.0
0.0
0.0
0.0
0.0
0.0
0.0
0.0
0.0
0.0
0.0
0.0
12.69151165054286
0.0
13.347705196601968
0.0
0.0
0.0
0.0
0.0
0.0
0.0
0.0
0.0
0.0
13.346197905654105
0.0
0.0
0.0
0.0
0.0
0.0
0.0
13.37752028122858
0.0
0.0
0.0
0.0
0.0
0.0
0.0
0.0
0.0
0.0
0.0
0.0
0.0
0.0
0.0
0.0
13.37711345256875
0.0
0.0
0.0
0.0
13.321159088339598
0.0
0.0
0.0
0.0
0.0
0.0
0.0
0.0
0.0
0.0
0.0
0.0
0.0
0.0
0.0
0.0
0.0
0.0
0.0
0.0
0.0
0.0
0.0
0.0
0.0
0.0
0.0
0.0
0.0
0.0
0.0
0.0
0.0
0.0
13.326445979004992
0.0
0.0
0.0
0.0
0.0
0.0
0.0
13.25204582256978
0.0
0.0
13.32102583458754
0.0
0.0
0.0
0.0
0.0
0.0
0.0
0.0
0.0
0.0
0.0
0.0
0.0
0.0
12.6901781746794
0.0
0.0
13.36004589342919
0.0
0.0
0.0
13.078055681752044
0.0
0.0
0.0
0.0
0.0
0.0
0.0
13.282262294707182
0.0
0.0
0.0
0.0
0.0
0.0
0.0
0.0
0.0
0.0
0.0
0.0
0.0
0.0
0.0
0.0
0.0
0.0
0.0
0.0
0.0
0.0
0.0
0.0
0.0
13.313467218740742
0.0
0.0
0.0
0.0
0.0
13.297755611173473
0.0
0.0
0.0
0.0
0.0
0.0
0.0
13.301195626440487
0.0
13.216458523477293
0.0
0.0
0.0
0.0
0.0
0.0
13.344371656611687
0.0
0.0
0.0
0.0
0.0
0.0
0.0
0.0
0.0
13.353973051532627
0.0
0.0
0.0
0.0
0.0
0.0
0.0
0.0
0.0
0.0
13.345790661605344
0.0
0.0
0.0
12.691495747966327
0.0
0.0
0.0
0.0
12.705368985184007
0.0
0.0
0.0
0.0
0.0
13.346035255331428
0.0
0.0
0.0
0.0
0.0
0.0
0.0
0.0
0.0
0.0
0.0
0.0
0.0
0.0
13.08942502199634
0.0
0.0
0.0
0.0
0.0
0.0
0.0
0.0
0.0
0.0
0.0
0.0
0.0
0.0
0.0
0.0
0.0
0.0
12.706037622791495
0.0
0.0
0.0
0.0
0.0
0.0
0.0
0.0
0.0
0.0
0.0
0.0
0.0
13.324902695147065
13.272016888687183
0.0
13.384803231571292
0.0
0.0
0.0
0.0
0.0
0.0
0.0
0.0
0.0
13.203329316725435
0.0
0.0
0.0
0.0
0.0
0.0
0.0
0.0
0.0
0.0
0.0
0.0
0.0
0.0
0.0
0.0
0.0
0.0
0.0
0.0
0.0
0.0
0.0
0.0
0.0
0.0
0.0
0.0
0.0
13.314573638733414
0.0
0.0
0.0
0.0
13.209921564416424
0.0
0.0
0.0
0.0
13.348326021851134
0.0
0.0
0.0
0.0
0.0
0.0
0.0
0.0
0.0
0.0
0.0
0.0
0.0
0.0
0.0
0.0
0.0
0.0
0.0
0.0
0.0
13.299695862366894
0.0
0.0
0.0
0.0
0.0
13.349333796607421
0.0
0.0
0.0
0.0
0.0
0.0
0.0
0.0
0.0
13.034434053636545
0.0
0.0
0.0
0.0
0.0
0.0
0.0
13.211665548249822
0.0
0.0
0.0
12.706026321686867
0.0
0.0
0.0
0.0
0.0
0.0
0.0
0.0
0.0
0.0
0.0
0.0
0.0
0.0
0.0
0.0
0.0
0.0
0.0
0.0
0.0
0.0
0.0
12.691512038536713
13.369741729859898
0.0
0.0
0.0
0.0
13.189993110758643
0.0
0.0
0.0
0.0
0.0
0.0
0.0
0.0
0.0
12.963763121345158
0.0
13.384847324608305
0.0
13.348500094183326
12.7060326319005
0.0
0.0
0.0
0.0
0.0
0.0
0.0
0.0
0.0
0.0
0.0
0.0
0.0
0.0
0.0
0.0
0.0
0.0
0.0
0.0
0.0
12.70603469741645
12.691513627222024
0.0
0.0
0.0
0.0
0.0
0.0
0.0
0.0
0.0
0.0
0.0
0.0
0.0
0.0
13.33143922171664
0.0
0.0
0.0
0.0
0.0
13.349453926113553
0.0
0.0
0.0
0.0
0.0
0.0
0.0
0.0
0.0
0.0
13.366422707837321
0.0
0.0
0.0
13.1976945646316
0.0
13.348515267266444
0.0
0.0
0.0
0.0
0.0
0.0
0.0
0.0
0.0
0.0
0.0
12.75605071466222
0.0
0.0
0.0
0.0
0.0
0.0
0.0
0.0
0.0
0.0
0.0
0.0
0.0
0.0
0.0
0.0
0.0
0.0
0.0
0.0
13.340916701537703
0.0
0.0
0.0
0.0
0.0
0.0
0.0
0.0
13.366457162323888
0.0
0.0
13.347442473784728
0.0
0.0
12.690841676030304
0.0
0.0
0.0
0.0
0.0
0.0
0.0
0.0
13.366300315820176
0.0
0.0
0.0
0.0
0.0
0.0
0.0
0.0
0.0
0.0
0.0
0.0
0.0
13.240981894465596
0.0
0.0
0.0
13.318600792518927
0.0
0.0
0.0
0.0
0.0
0.0
0.0
12.705367632017499
0.0
0.0
0.0
0.0
0.0
0.0
13.329706701577715
0.0
0.0
0.0
0.0
0.0
0.0
0.0
0.0
0.0
0.0
13.369543229099987
0.0
13.271728236928826
0.0
0.0
0.0
0.0
0.0
13.28710272524744
0.0
0.0
0.0
0.0
0.0
0.0
0.0
13.368514308495394
0.0
0.0
13.384771289824343
0.0
0.0
0.0
0.0
0.0
0.0
0.0
0.0
0.0
12.706036361201159
0.0
0.0
0.0
0.0
0.0
0.0
0.0
0.0
0.0
0.0
0.0
12.839044596560854
0.0
0.0
0.0
0.0
0.0
13.373853077486793
0.0
0.0
12.749589641884127
0.0
0.0
13.268650058003036
0.0
0.0
0.0
0.0
0.0
0.0
0.0
0.0
0.0
0.0
0.0
0.0
0.0
0.0
0.0
0.0
0.0
0.0
0.0
0.0
0.0
12.691499431725573
0.0
0.0
0.0
0.0
0.0
0.0
0.0
0.0
12.691499530154719
12.691510003430531
0.0
0.0
0.0
0.0
0.0
0.0
0.0
0.0
0.0
0.0
0.0
0.0
0.0
0.0
0.0
0.0
0.0
0.0
0.0
13.320865090923862
0.0
12.7060543531423
0.0
0.0
0.0
0.0
0.0
0.0
0.0
0.0
0.0
0.0
0.0
0.0
0.0
0.0
0.0
12.78466603420098
0.0
0.0
0.0
0.0
0.0
0.0
0.0
0.0
0.0
0.0
0.0
0.0
0.0
0.0
0.0
0.0
0.0
0.0
0.0
0.0
0.0
0.0
0.0
13.197669266540728
0.0
0.0
0.0
0.0
13.367589399321282
0.0
0.0
13.365762884573988
0.0
0.0
0.0
0.0
0.0
0.0
0.0
0.0
0.0
0.0
0.0
0.0
0.0
0.0
13.138154327834172
0.0
0.0
13.333731164235084
0.0
0.0
0.0
0.0
13.32674484996155
12.691491490341734
0.0
0.0
0.0
0.0
0.0
0.0
0.0
0.0
13.358303238464774
0.0
0.0
12.691510487867847
0.0
0.0
0.0
0.0
0.0
0.0
0.0
0.0
0.0
0.0
0.0
0.0
12.691496914385342
0.0
0.0
0.0
0.0
0.0
0.0
0.0
0.0
0.0
0.0
0.0
0.0
0.0
13.34808447047562
0.0
0.0
13.35868381201445
0.0
0.0
0.0
0.0
0.0
0.0
0.0
0.0
13.348085021158042
0.0
0.0
0.0
0.0
0.0
0.0
0.0
0.0
0.0
0.0
0.0
12.691571249615315
0.0
0.0
13.375911965107935
0.0
0.0
0.0
0.0
0.0
0.0
0.0
0.0
0.0
0.0
0.0
0.0
0.0
12.705368050812028
0.0
0.0
0.0
0.0
0.0
0.0
0.0
0.0
0.0
0.0
0.0
0.0
0.0
0.0
0.0
13.373304063917736
0.0
0.0
0.0
0.0
0.0
0.0
0.0
13.24770623142706
0.0
0.0
0.0
0.0
0.0
0.0
0.0
0.0
0.0
0.0
0.0
0.0
12.691497190891665
0.0
0.0
0.0
0.0
0.0
12.705386819029771
0.0
0.0
0.0
0.0
0.0
13.384031106616257
0.0
0.0
0.0
0.0
0.0
0.0
0.0
0.0
0.0
0.0
0.0
0.0
0.0
0.0
0.0
0.0
0.0
0.0
0.0
0.0
0.0
0.0
0.0
13.348742502064225
0.0
0.0
0.0
0.0
0.0
13.086780295072124
0.0
0.0
0.0
13.254889634743229
0.0
0.0
13.352058303251793
0.0
0.0
0.0
13.350316786368108
13.35021334284592
13.361371735430259
0.0
12.70537054093864
0.0
0.0
0.0
0.0
0.0
0.0
0.0
0.0
0.0
0.0
0.0
0.0
13.18246889366969
0.0
0.0
0.0
0.0
0.0
0.0
0.0
0.0
0.0
0.0
0.0
0.0
0.0
0.0
13.340301097713569
0.0
0.0
0.0
13.348442329555153
13.334137281702372
12.70539410700203
0.0
0.0
0.0
0.0
0.0
0.0
0.0
0.0
0.0
12.690842431703086
0.0
13.335035357070419
0.0
0.0
0.0
0.0
13.384573628540316
0.0
0.0
0.0
0.0
0.0
0.0
0.0
0.0
0.0
0.0
0.0
0.0
0.0
0.0
0.0
0.0
0.0
0.0
0.0
0.0
0.0
13.363161097396308
0.0
0.0
0.0
0.0
0.0
0.0
0.0
0.0
0.0
0.0
0.0
0.0
12.770936023569966
0.0
0.0
0.0
0.0
0.0
0.0
0.0
0.0
0.0
0.0
0.0
0.0
0.0
0.0
0.0
0.0
0.0
0.0
0.0
0.0
0.0
0.0
0.0
0.0
0.0
0.0
0.0
0.0
0.0
0.0
0.0
0.0
0.0
0.0
0.0
0.0
0.0
0.0
0.0
0.0
0.0
0.0
0.0
0.0
0.0
13.195696650276606
0.0
12.70537102998698
0.0
0.0
0.0
0.0
12.691508429205745
0.0
0.0
13.362430192117458
0.0
0.0
0.0
0.0
0.0
0.0
12.705378568699883
0.0
0.0
0.0
12.7053774511293
0.0
0.0
0.0
0.0
13.373128803629166
0.0
0.0
12.706025119474479
0.0
0.0
0.0
0.0
0.0
0.0
12.706039691964023
0.0
0.0
0.0
0.0
0.0
0.0
0.0
0.0
0.0
0.0
0.0
0.0
0.0
13.353047635261694
0.0
0.0
0.0
0.0
0.0
0.0
0.0
0.0
0.0
0.0
0.0
0.0
0.0
0.0
0.0
0.0
0.0
0.0
0.0
0.0
0.0
0.0
0.0
0.0
0.0
13.373522143990712
0.0
0.0
0.0
0.0
0.0
0.0
0.0
0.0
0.0
0.0
0.0
0.0
0.0
0.0
0.0
0.0
0.0
0.0
0.0
0.0
0.0
13.382868307421987
0.0
0.0
0.0
0.0
0.0
12.691507167308986
0.0
0.0
0.0
0.0
0.0
0.0
0.0
0.0
0.0
0.0
0.0
0.0
0.0
13.362441337974161
0.0
0.0
0.0
0.0
0.0
0.0
0.0
0.0
0.0
0.0
0.0
0.0
0.0
0.0
0.0
0.0
0.0
0.0
0.0
0.0
0.0
0.0
0.0
13.353544066290727
0.0
0.0
0.0
0.0
0.0
12.70538430620959
0.0
0.0
0.0
0.0
0.0
0.0
12.691490157819992
0.0
0.0
0.0
0.0
13.352225266168908
13.347724513427043
12.990929000946133
0.0
0.0
12.70605247237323
12.764653406487813
0.0
0.0
0.0
0.0
0.0
12.69149407866927
0.0
0.0
0.0
0.0
0.0
0.0
0.0
0.0
0.0
0.0
0.0
0.0
0.0
0.0
0.0
0.0
0.0
0.0
0.0
0.0
0.0
0.0
0.0
0.0
0.0
0.0
0.0
0.0
0.0
12.705392997233023
0.0
0.0
0.0
0.0
0.0
0.0
0.0
0.0
0.0
0.0
0.0
13.379796794205301
0.0
0.0
0.0
0.0
0.0
0.0
0.0
0.0
0.0
0.0
13.346622674052208
0.0
13.370232488068764
0.0
0.0
0.0
0.0
0.0
0.0
0.0
0.0
0.0
0.0
0.0
0.0
0.0
0.0
0.0
0.0
0.0
0.0
0.0
0.0
0.0
0.0
0.0
0.0
0.0
0.0
0.0
0.0
0.0
0.0
0.0
0.0
0.0
0.0
0.0
0.0
0.0
0.0
0.0
0.0
0.0
0.0
0.0
0.0
13.116685331576994
0.0
0.0
0.0
0.0
0.0
0.0
0.0
0.0
0.0
0.0
0.0
0.0
0.0
0.0
0.0
0.0
0.0
0.0
0.0
0.0
0.0
0.0
0.0
0.0
0.0
0.0
0.0
0.0
12.69150327320194
0.0
0.0
13.3695799642586
0.0
0.0
0.0
0.0
0.0
0.0
0.0
0.0
0.0
0.0
0.0
0.0
0.0
0.0
0.0
0.0
0.0
12.691502150591585
0.0
0.0
0.0
0.0
0.0
0.0
0.0
12.969418038776075
0.0
0.0
0.0
13.348501151355373
13.324982396780662
0.0
0.0
0.0
13.217418318748445
0.0
0.0
0.0
0.0
13.303640181561734
0.0
0.0
0.0
0.0
0.0
0.0
0.0
0.0
0.0
0.0
0.0
0.0
12.69149685104229
0.0
0.0
13.312529123329954
12.705400901712414
0.0
0.0
0.0
0.0
13.211700238611291
12.690178482542695
0.0
0.0
0.0
13.036812048147993
0.0
0.0
0.0
0.0
0.0
0.0
0.0
0.0
0.0
0.0
0.0
0.0
0.0
13.34787666650831
13.36123472311578
0.0
0.0
13.322170276215008
0.0
0.0
0.0
0.0
0.0
0.0
0.0
0.0
12.873746498572805
0.0
0.0
12.69085687948817
0.0
0.0
0.0
13.365765831340958
0.0
0.0
0.0
0.0
0.0
0.0
0.0
12.706062555733315
0.0
0.0
0.0
0.0
0.0
0.0
0.0
0.0
0.0
0.0
0.0
0.0
0.0
13.369498247070226
0.0
0.0
0.0
0.0
0.0
0.0
13.368904580865399
0.0
13.353263473243036
12.70538227628326
13.345314960759058
0.0
0.0
0.0
0.0
0.0
0.0
0.0
0.0
0.0
0.0
0.0
0.0
0.0
0.0
0.0
0.0
0.0
0.0
0.0
0.0
0.0
0.0
0.0
0.0
13.209171842477375
0.0
0.0
0.0
0.0
0.0
0.0
0.0
12.945590112649775
0.0
0.0
0.0
0.0
0.0
0.0
0.0
0.0
13.322475434350222
0.0
0.0
0.0
0.0
0.0
12.703192903400142
0.0
0.0
0.0
0.0
0.0
0.0
0.0
12.706042009877265
0.0
0.0
0.0
13.192080028232505
0.0
12.843113580580134
13.14937455480216
0.0
0.0
0.0
0.0
0.0
0.0
0.0
0.0
0.0
0.0
0.0
0.0
0.0
0.0
0.0
13.384012082495838
0.0
0.0
12.706021445603799
13.332730284318965
0.0
12.706041124204557
0.0
0.0
0.0
0.0
0.0
0.0
0.0
0.0
0.0
0.0
0.0
0.0
0.0
0.0
0.0
0.0
0.0
0.0
0.0
13.355074801581269
0.0
0.0
0.0
0.0
0.0
12.705401939449176
0.0
0.0
0.0
12.691498947623083
0.0
12.968810218332147
0.0
0.0
0.0
0.0
0.0
0.0
13.369418940742017
0.0
0.0
0.0
0.0
0.0
0.0
0.0
0.0
0.0
0.0
0.0
0.0
0.0
0.0
0.0
0.0
0.0
13.339472836210811
0.0
0.0
0.0
13.173965271886399
0.0
0.0
0.0
0.0
0.0
0.0
0.0
13.336174854921971
0.0
0.0
13.34056541018564
0.0
0.0
0.0
0.0
0.0
0.0
0.0
0.0
0.0
0.0
0.0
0.0
0.0
0.0
0.0
0.0
0.0
0.0
0.0
0.0
0.0
12.705398370375983
0.0
0.0
0.0
0.0
0.0
0.0
0.0
0.0
0.0
0.0
0.0
0.0
0.0
0.0
0.0
0.0
0.0
0.0
0.0
0.0
0.0
13.343696167194729
13.37891536882013
0.0
0.0
0.0
0.0
0.0
0.0
0.0
0.0
0.0
0.0
13.345565002596288
13.359369313891225
0.0
0.0
0.0
0.0
0.0
0.0
0.0
0.0
0.0
0.0
0.0
0.0
0.0
0.0
0.0
0.0
0.0
0.0
0.0
0.0
0.0
0.0
0.0
0.0
0.0
0.0
0.0
0.0
0.0
0.0
0.0
12.691491236325142
0.0
0.0
0.0
0.0
0.0
0.0
0.0
0.0
0.0
0.0
0.0
0.0
12.705369783969937
12.691505170299239
0.0
12.70604610097369
0.0
13.34745238904428
0.0
0.0
0.0
0.0
0.0
0.0
0.0
0.0
0.0
0.0
0.0
0.0
0.0
0.0
0.0
0.0
0.0
0.0
0.0
13.376706040182889
0.0
0.0
0.0
0.0
13.219769276251613
0.0
0.0
0.0
0.0
0.0
0.0
0.0
0.0
0.0
0.0
0.0
0.0
0.0
0.0
0.0
0.0
0.0
0.0
0.0
0.0
0.0
13.368620161608918
0.0
0.0
0.0
0.0
0.0
0.0
0.0
0.0
0.0
0.0
0.0
0.0
0.0
12.706077286014585
12.907420066699913
0.0
0.0
0.0
0.0
0.0
0.0
0.0
0.0
0.0
0.0
0.0
0.0
0.0
0.0
0.0
0.0
12.706040411446377
12.705388314195323
0.0
0.0
0.0
0.0
0.0
0.0
0.0
0.0
13.307362948921389
12.70604250313791
0.0
0.0
0.0
0.0
0.0
0.0
0.0
0.0
0.0
0.0
0.0
0.0
0.0
0.0
0.0
0.0
0.0
0.0
0.0
0.0
0.0
0.0
0.0
0.0
0.0
0.0
0.0
0.0
13.33418216299149
0.0
0.0
0.0
0.0
0.0
0.0
0.0
12.705391635055738
0.0
0.0
0.0
0.0
12.691495585476464
12.706038730799754
0.0
0.0
0.0
0.0
0.0
13.333559436384215
0.0
12.755060415978157
0.0
0.0
0.0
0.0
0.0
13.3272699891525
0.0
0.0
0.0
13.337023175108369
12.740285726724697
0.0
0.0
0.0
0.0
0.0
0.0
0.0
13.352336049954147
0.0
0.0
0.0
0.0
0.0
0.0
0.0
0.0
0.0
0.0
12.70602931865638
0.0
0.0
0.0
0.0
0.0
0.0
0.0
0.0
0.0
0.0
0.0
0.0
0.0
13.348628957558866
0.0
0.0
0.0
0.0
0.0
0.0
0.0
0.0
0.0
0.0
0.0
0.0
0.0
0.0
0.0
0.0
0.0
0.0
0.0
13.340753807506257
0.0
0.0
0.0
0.0
0.0
0.0
12.705367449409993
0.0
13.384213818880148
0.0
0.0
0.0
0.0
0.0
0.0
0.0
0.0
0.0
0.0
0.0
13.338422000936179
0.0
0.0
13.288278456707227
0.0
0.0
0.0
0.0
0.0
0.0
0.0
13.35393235022193
0.0
0.0
0.0
0.0
0.0
0.0
0.0
0.0
0.0
0.0
0.0
0.0
0.0
0.0
0.0
0.0
0.0
0.0
0.0
0.0
0.0
0.0
0.0
0.0
0.0
0.0
0.0
0.0
13.35261863738928
12.691507828438208
0.0
0.0
0.0
0.0
0.0
0.0
0.0
0.0
0.0
0.0
0.0
0.0
0.0
0.0
0.0
13.37913504278153
12.705392216536096
0.0
0.0
0.0
13.323232797261278
0.0
0.0
0.0
0.0
0.0
0.0
0.0
0.0
0.0
13.346110918348284
0.0
0.0
0.0
0.0
0.0
0.0
0.0
0.0
0.0
0.0
0.0
0.0
13.367132259634388
13.36803018801995
0.0
0.0
0.0
13.048435485573467
0.0
0.0
0.0
0.0
0.0
0.0
0.0
0.0
0.0
0.0
0.0
13.343053888185237
0.0
0.0
0.0
13.340139504657117
12.705374772911258
12.706032138006815
13.3402465229173
0.0
0.0
12.70604378547305
13.0688018110924
0.0
0.0
13.374786386037034
0.0
0.0
0.0
0.0
0.0
0.0
0.0
0.0
13.344051618645246
0.0
0.0
0.0
0.0
13.370214400030777
0.0
0.0
0.0
0.0
0.0
0.0
0.0
0.0
0.0
0.0
0.0
0.0
0.0
0.0
0.0
0.0
13.239234031040091
13.349140700709587
0.0
0.0
0.0
0.0
0.0
0.0
0.0
0.0
0.0
0.0
0.0
0.0
0.0
13.336463388647346
0.0
0.0
0.0
0.0
0.0
0.0
0.0
13.369294973299477
12.902292755132663
0.0
13.321659994714237
0.0
0.0
0.0
0.0
0.0
0.0
0.0
0.0
0.0
0.0
0.0
0.0
0.0
0.0
13.136280039047362
0.0
0.0
0.0
0.0
0.0
0.0
0.0
12.690188017849367
0.0
0.0
0.0
0.0
0.0
13.325103899270426
0.0
13.366582266272003
12.75383240491005
0.0
0.0
0.0
0.0
0.0
0.0
12.872077586053388
0.0
0.0
0.0
0.0
0.0
0.0
13.3364916212617
13.345158208859878
0.0
0.0
0.0
0.0
0.0
0.0
0.0
0.0
0.0
0.0
0.0
0.0
0.0
13.297387979939732
0.0
0.0
0.0
0.0
0.0
0.0
0.0
0.0
0.0
0.0
0.0
0.0
0.0
0.0
0.0
0.0
0.0
0.0
0.0
0.0
0.0
0.0
0.0
0.0
0.0
0.0
0.0
0.0
0.0
0.0
0.0
0.0
0.0
0.0
0.0
0.0
0.0
0.0
0.0
13.376015707821596
12.705375867130382
0.0
13.021409807159843
12.70602897980126
0.0
0.0
0.0
0.0
0.0
0.0
13.101985620496896
0.0
0.0
0.0
0.0
0.0
0.0
0.0
0.0
0.0
0.0
0.0
0.0
0.0
0.0
0.0
0.0
13.268141215357069
0.0
0.0
0.0
0.0
0.0
0.0
13.209200009027757
0.0
0.0
0.0
0.0
0.0
0.0
0.0
13.347180390298881
0.0
0.0
0.0
0.0
0.0
0.0
0.0
0.0
0.0
0.0
0.0
0.0
0.0
0.0
0.0
0.0
0.0
0.0
0.0
0.0
0.0
0.0
0.0
0.0
0.0
0.0
0.0
0.0
0.0
0.0
13.037179423150668
13.344431637356129
13.226827462599525
0.0
0.0
13.34370905017234
0.0
13.366362348061692
0.0
13.367647047058984
0.0
0.0
0.0
13.341496392851138
0.0
0.0
13.377850254274833
0.0
0.0
0.0
0.0
0.0
0.0
0.0
12.690852919999232
0.0
0.0
0.0
0.0
13.362811685717078
0.0
0.0
0.0
0.0
13.331266190748908
0.0
0.0
0.0
0.0
0.0
0.0
0.0
0.0
0.0
0.0
0.0
12.963835211666352
0.0
0.0
12.705379090296784
0.0
13.379192814998147
0.0
0.0
0.0
0.0
0.0
0.0
0.0
0.0
0.0
0.0
0.0
0.0
0.0
0.0
0.0
0.0
0.0
0.0
0.0
0.0
12.813250732675321
0.0
0.0
0.0
0.0
0.0
12.75267351983353
0.0
0.0
0.0
0.0
0.0
0.0
0.0
11.751656669815764
0.0
0.0
0.0
0.0
0.0
0.0
0.0
0.0
0.0
0.0
0.0
0.0
0.0
0.0
0.0
12.810858656376677
0.0
0.0
0.0
0.0
0.0
0.0
0.0
0.0
0.0
0.0
0.0
13.347647602177105
0.0
13.301245881963807
0.0
0.0
0.0
0.0
0.0
0.0
0.0
0.0
0.0
0.0
0.0
0.0
0.0
0.0
0.0
0.0
0.0
0.0
0.0
0.0
0.0
0.0
0.0
12.706025783070714
0.0
0.0
0.0
0.0
0.0
0.0
0.0
0.0
0.0
0.0
0.0
0.0
12.691496681602386
13.295337701784682
13.346541903347743
0.0
0.0
13.32343388152115
0.0
12.705393257750755
0.0
12.706044069353919
0.0
0.0
0.0
0.0
0.0
0.0
0.0
0.0
0.0
0.0
0.0
12.782172096815366
0.0
0.0
0.0
0.0
0.0
0.0
0.0
0.0
0.0
0.0
0.0
0.0
0.0
0.0
0.0
0.0
0.0
0.0
0.0
0.0
0.0
0.0
0.0
0.0
0.0
0.0
0.0
0.0
0.0
0.0
0.0
0.0
13.337766461560168
0.0
0.0
0.0
0.0
13.3336751859163
0.0
0.0
0.0
0.0
0.0
0.0
0.0
0.0
0.0
0.0
0.0
0.0
0.0
0.0
0.0
0.0
0.0
0.0
0.0
0.0
0.0
0.0
0.0
0.0
0.0
0.0
0.0
0.0
0.0
0.0
0.0
0.0
0.0
0.0
0.0
0.0
0.0
0.0
0.0
0.0
0.0
0.0
0.0
0.0
0.0
0.0
0.0
12.690862652206858
0.0
0.0
0.0
0.0
0.0
0.0
0.0
0.0
0.0
0.0
0.0
0.0
0.0
0.0
0.0
0.0
0.0
0.0
0.0
0.0
13.333862490463954
0.0
0.0
0.0
0.0
0.0
0.0
0.0
12.69149831590518
0.0
0.0
0.0
0.0
0.0
0.0
0.0
0.0
13.365346632859637
0.0
0.0
13.376323476801062
0.0
0.0
0.0
12.705383577557233
0.0
0.0
0.0
13.36878869726627
0.0
12.69151853172678
0.0
0.0
12.705370229233438
0.0
0.0
0.0
0.0
0.0
0.0
0.0
0.0
0.0
0.0
13.353304690630688
12.690187966653431
0.0
0.0
0.0
0.0
0.0
0.0
0.0
0.0
0.0
0.0
0.0
0.0
0.0
0.0
0.0
0.0
0.0
0.0
0.0
0.0
0.0
12.706025273065698
0.0
0.0
13.28910919323585
0.0
0.0
0.0
0.0
0.0
0.0
0.0
0.0
0.0
0.0
0.0
0.0
0.0
0.0
0.0
0.0
0.0
0.0
13.362218802184826
0.0
0.0
0.0
0.0
0.0
0.0
0.0
0.0
13.380118165522216
0.0
0.0
0.0
0.0
0.0
0.0
0.0
0.0
0.0
0.0
0.0
0.0
0.0
13.332305573460081
0.0
13.037053094766609
0.0
0.0
0.0
0.0
0.0
0.0
0.0
0.0
0.0
0.0
0.0
0.0
0.0
0.0
0.0
0.0
0.0
12.720787233423543
0.0
0.0
0.0
0.0
0.0
0.0
0.0
0.0
0.0
13.311613101792
0.0
0.0
0.0
13.368521519018083
0.0
0.0
0.0
0.0
0.0
0.0
0.0
0.0
0.0
0.0
0.0
0.0
0.0
0.0
0.0
0.0
0.0
0.0
0.0
0.0
0.0
0.0
0.0
0.0
0.0
0.0
0.0
0.0
12.69149495664727
0.0
12.752886379811258
0.0
0.0
0.0
13.332428984033163
0.0
0.0
0.0
0.0
0.0
0.0
0.0
0.0
0.0
0.0
0.0
0.0
0.0
0.0
0.0
0.0
0.0
0.0
0.0
12.706032222541715
0.0
0.0
0.0
12.775069151135158
0.0
0.0
0.0
0.0
0.0
0.0
0.0
0.0
0.0
0.0
0.0
0.0
0.0
0.0
0.0
12.845388911882102
0.0
13.342124651118944
12.705390831750572
0.0
0.0
12.691508284807155
0.0
0.0
0.0
0.0
0.0
0.0
0.0
0.0
12.78047846412114
0.0
0.0
0.0
0.0
0.0
0.0
0.0
0.0
0.0
0.0
0.0
0.0
0.0
0.0
0.0
0.0
0.0
0.0
0.0
13.150785122812174
0.0
13.25021510319163
0.0
0.0
0.0
0.0
0.0
0.0
0.0
0.0
0.0
0.0
0.0
0.0
0.0
0.0
13.356669227227549
12.706035577942236
0.0
0.0
12.69150861379797
13.384667621459084
13.332674220622737
0.0
0.0
0.0
0.0
13.357397653472267
0.0
0.0
0.0
0.0
0.0
0.0
0.0
0.0
0.0
0.0
0.0
0.0
0.0
0.0
0.0
0.0
13.3828528099726
0.0
0.0
0.0
0.0
0.0
0.0
0.0
0.0
0.0
0.0
0.0
0.0
0.0
0.0
0.0
0.0
0.0
0.0
12.691501793991618
0.0
0.0
0.0
0.0
0.0
0.0
0.0
0.0
0.0
0.0
0.0
12.921766465326707
0.0
0.0
13.350186679242638
12.70603673529573
0.0
0.0
0.0
0.0
0.0
0.0
0.0
0.0
0.0
0.0
13.38477119455945
0.0
0.0
0.0
0.0
0.0
0.0
0.0
0.0
0.0
0.0
0.0
0.0
0.0
0.0
0.0
0.0
0.0
0.0
0.0
0.0
12.691497521862859
0.0
0.0
12.691509490681947
0.0
0.0
0.0
0.0
0.0
12.950380128106948
0.0
0.0
0.0
0.0
0.0
0.0
0.0
12.691501152822985
0.0
0.0
0.0
0.0
13.206622966944417
0.0
0.0
0.0
0.0
0.0
0.0
0.0
0.0
0.0
0.0
0.0
0.0
0.0
0.0
0.0
0.0
0.0
0.0
0.0
13.384142125851943
0.0
0.0
0.0
0.0
0.0
0.0
0.0
12.691489064812167
0.0
0.0
13.357479920762676
0.0
0.0
0.0
0.0
0.0
0.0
13.370370976571628
0.0
0.0
0.0
13.347840710818154
0.0
0.0
0.0
0.0
0.0
0.0
0.0
0.0
0.0
0.0
0.0
0.0
0.0
0.0
0.0
0.0
0.0
0.0
0.0
0.0
0.0
0.0
0.0
0.0
13.337607860350664
0.0
13.354160042577927
0.0
0.0
0.0
0.0
0.0
0.0
0.0
0.0
0.0
0.0
0.0
0.0
0.0
0.0
0.0
0.0
0.0
0.0
0.0
0.0
0.0
0.0
0.0
0.0
0.0
0.0
0.0
0.0
0.0
0.0
0.0
0.0
0.0
0.0
0.0
0.0
0.0
0.0
0.0
0.0
0.0
0.0
13.383479479495836
0.0
13.313019625888119
0.0
0.0
0.0
0.0
0.0
0.0
0.0
0.0
0.0
0.0
0.0
0.0
0.0
0.0
0.0
0.0
0.0
0.0
0.0
0.0
0.0
0.0
0.0
0.0
12.706029122030085
0.0
0.0
0.0
0.0
0.0
0.0
0.0
0.0
0.0
13.382737814541375
0.0
0.0
0.0
12.70536932172437
0.0
0.0
0.0
0.0
0.0
0.0
0.0
0.0
0.0
0.0
0.0
0.0
0.0
0.0
0.0
0.0
0.0
0.0
0.0
0.0
0.0
0.0
0.0
0.0
0.0
0.0
0.0
0.0
0.0
0.0
0.0
0.0
0.0
0.0
0.0
0.0
0.0
0.0
0.0
0.0
0.0
12.69149881599148
0.0
0.0
0.0
13.330415720037262
0.0
0.0
0.0
0.0
0.0
0.0
12.757795561606638
0.0
0.0
0.0
0.0
0.0
0.0
0.0
0.0
0.0
0.0
0.0
0.0
0.0
0.0
0.0
0.0
0.0
0.0
0.0
0.0
13.361810645271227
0.0
0.0
0.0
0.0
0.0
0.0
12.691516714353755
0.0
0.0
0.0
0.0
0.0
0.0
13.359169518451168
0.0
0.0
0.0
0.0
0.0
0.0
0.0
0.0
0.0
0.0
0.0
13.350402072612487
13.341615218173079
0.0
0.0
0.0
0.0
0.0
0.0
0.0
0.0
0.0
0.0
0.0
0.0
0.0
0.0
0.0
0.0
0.0
0.0
0.0
0.0
0.0
0.0
0.0
0.0
0.0
0.0
0.0
0.0
0.0
0.0
13.333930227434987
0.0
0.0
0.0
0.0
0.0
0.0
0.0
12.705373847321228
0.0
0.0
0.0
0.0
0.0
12.705369208028243
0.0
0.0
0.0
0.0
0.0
13.067227856125296
0.0
0.0
0.0
0.0
0.0
0.0
0.0
0.0
0.0
0.0
0.0
0.0
0.0
0.0
0.0
0.0
0.0
0.0
0.0
0.0
0.0
0.0
0.0
0.0
13.329378417227241
0.0
0.0
0.0
0.0
0.0
13.334889009926057
0.0
13.340297032242386
0.0
0.0
0.0
0.0
0.0
0.0
0.0
13.33266024546406
0.0
13.368236939126325
0.0
0.0
0.0
0.0
0.0
0.0
0.0
0.0
0.0
0.0
0.0
0.0
0.0
0.0
0.0
0.0
0.0
0.0
0.0
0.0
0.0
0.0
0.0
0.0
0.0
0.0
12.69084842065451
0.0
13.361883715548755
0.0
0.0
0.0
12.70605535010661
0.0
0.0
0.0
0.0
0.0
0.0
13.347591633163525
0.0
0.0
0.0
0.0
13.026080343522286
0.0
0.0
0.0
0.0
0.0
13.364795011683398
12.709114460681104
0.0
0.0
0.0
0.0
0.0
0.0
0.0
0.0
0.0
0.0
0.0
0.0
0.0
0.0
0.0
0.0
0.0
0.0
0.0
0.0
13.300708050379484
12.901855070306542
0.0
0.0
0.0
0.0
0.0
0.0
0.0
0.0
0.0
0.0
0.0
0.0
0.0
0.0
0.0
0.0
0.0
0.0
0.0
0.0
0.0
0.0
0.0
0.0
0.0
0.0
0.0
0.0
0.0
0.0
0.0
0.0
0.0
0.0
0.0
12.962099480963989
0.0
0.0
0.0
0.0
0.0
0.0
13.339307459599128
0.0
13.336024548106488
0.0
0.0
0.0
0.0
0.0
13.36622128266423
0.0
0.0
0.0
0.0
0.0
0.0
0.0
0.0
0.0
12.897924765001724
0.0
0.0
0.0
0.0
0.0
0.0
13.358639727163627
0.0
0.0
0.0
0.0
0.0
0.0
13.227207565077318
0.0
0.0
0.0
0.0
0.0
0.0
0.0
0.0
0.0
0.0
0.0
0.0
13.283455449886405
13.368704933229905
0.0
0.0
0.0
0.0
0.0
0.0
0.0
0.0
0.0
0.0
0.0
13.359974675804489
13.360261638349026
0.0
0.0
0.0
0.0
0.0
0.0
0.0
0.0
0.0
0.0
0.0
0.0
13.369744657543999
0.0
0.0
0.0
0.0
0.0
0.0
0.0
0.0
12.705383124233043
0.0
0.0
13.35147398236019
0.0
0.0
0.0
0.0
0.0
0.0
0.0
0.0
0.0
0.0
0.0
0.0
0.0
0.0
0.0
0.0
0.0
0.0
0.0
0.0
0.0
0.0
0.0
0.0
13.383538752801659
0.0
12.705396013023064
0.0
0.0
0.0
13.370941850689722
0.0
0.0
0.0
0.0
0.0
0.0
0.0
0.0
0.0
0.0
0.0
13.333216142779515
0.0
0.0
0.0
0.0
0.0
12.957511889942563
0.0
0.0
0.0
0.0
0.0
0.0
0.0
13.379718212899697
0.0
0.0
0.0
0.0
0.0
0.0
0.0
13.355031915464574
0.0
0.0
0.0
0.0
0.0
0.0
0.0
0.0
0.0
0.0
0.0
0.0
0.0
0.0
0.0
0.0
0.0
0.0
0.0
0.0
0.0
12.691500319116512
0.0
0.0
0.0
0.0
0.0
0.0
0.0
0.0
0.0
0.0
0.0
0.0
11.791240014988151
0.0
0.0
0.0
0.0
0.0
0.0
0.0
0.0
12.691517346314066
0.0
13.362634069755083
0.0
0.0
0.0
0.0
0.0
0.0
13.384472554067614
0.0
0.0
0.0
0.0
0.0
13.366718601653217
0.0
0.0
0.0
0.0
0.0
0.0
0.0
0.0
0.0
0.0
0.0
0.0
0.0
0.0
0.0
0.0
12.691505482371356
0.0
0.0
0.0
0.0
0.0
0.0
0.0
0.0
0.0
0.0
0.0
0.0
0.0
13.316681588938597
0.0
0.0
12.767943221752594
0.0
0.0
13.303857927753679
0.0
0.0
0.0
0.0
0.0
13.319112980454417
0.0
0.0
0.0
0.0
13.330734535591242
0.0
0.0
0.0
0.0
0.0
0.0
13.327477357405455
0.0
0.0
0.0
0.0
0.0
12.811767582920167
0.0
0.0
13.384071445052447
0.0
0.0
0.0
0.0
0.0
0.0
0.0
0.0
0.0
0.0
12.70539908051553
0.0
0.0
13.35715049656794
13.33477458986034
0.0
0.0
0.0
0.0
0.0
0.0
0.0
12.691516325420771
0.0
0.0
0.0
0.0
0.0
0.0
0.0
0.0
0.0
0.0
0.0
0.0
0.0
12.691499098864362
0.0
13.352998787779445
13.345039945967914
13.347841897653876
0.0
0.0
0.0
0.0
0.0
0.0
0.0
0.0
0.0
0.0
0.0
0.0
0.0
0.0
0.0
0.0
0.0
0.0
0.0
0.0
0.0
0.0
0.0
0.0
0.0
0.0
12.770429109356531
0.0
0.0
0.0
0.0
0.0
0.0
0.0
0.0
0.0
13.062008868138914
0.0
0.0
0.0
0.0
13.356908459710716
0.0
0.0
0.0
0.0
0.0
0.0
0.0
0.0
0.0
0.0
0.0
0.0
0.0
0.0
0.0
0.0
0.0
0.0
0.0
0.0
0.0
13.352163751168153
0.0
0.0
0.0
0.0
0.0
0.0
0.0
0.0
0.0
0.0
0.0
0.0
0.0
0.0
0.0
13.376169525555003
0.0
0.0
0.0
0.0
0.0
0.0
0.0
0.0
0.0
0.0
0.0
0.0
13.33455326026005
0.0
0.0
0.0
0.0
0.0
0.0
0.0
0.0
0.0
0.0
0.0
0.0
0.0
0.0
0.0
12.690183953909282
0.0
0.0
0.0
12.705395879127481
0.0
0.0
0.0
12.691504903589282
0.0
0.0
0.0
0.0
0.0
0.0
0.0
0.0
0.0
0.0
0.0
0.0
0.0
0.0
0.0
12.690856571458522
13.339048826738843
0.0
0.0
0.0
0.0
0.0
0.0
0.0
0.0
0.0
0.0
0.0
13.370996640592534
0.0
0.0
0.0
13.341669028582869
0.0
0.0
0.0
0.0
0.0
0.0
0.0
13.069225047039504
0.0
0.0
0.0
0.0
0.0
0.0
0.0
0.0
13.336952682608555
0.0
12.705379249514161
0.0
0.0
0.0
0.0
0.0
0.0
12.856495354206768
0.0
0.0
0.0
0.0
0.0
0.0
13.350637326801536
0.0
0.0
0.0
0.0
0.0
0.0
0.0
0.0
0.0
0.0
0.0
0.0
0.0
0.0
0.0
0.0
0.0
0.0
0.0
0.0
0.0
0.0
13.348233715880706
0.0
0.0
0.0
0.0
0.0
0.0
0.0
0.0
0.0
0.0
0.0
0.0
0.0
13.354195506010878
0.0
0.0
0.0
0.0
0.0
0.0
12.758111596879752
13.379807059216938
0.0
0.0
0.0
0.0
0.0
0.0
0.0
0.0
0.0
0.0
0.0
0.0
13.381723688101545
0.0
0.0
0.0
0.0
0.0
13.327329620889644
0.0
0.0
0.0
0.0
0.0
0.0
0.0
0.0
0.0
12.70536737938677
0.0
0.0
0.0
12.690853825627476
0.0
0.0
0.0
13.383539673154973
0.0
0.0
0.0
0.0
0.0
0.0
0.0
12.691491444925862
0.0
0.0
0.0
0.0
0.0
0.0
13.381268078928137
0.0
0.0
0.0
0.0
0.0
0.0
0.0
0.0
0.0
0.0
12.705371839793822
0.0
0.0
0.0
0.0
0.0
0.0
0.0
0.0
0.0
0.0
0.0
0.0
0.0
0.0
0.0
0.0
0.0
0.0
0.0
13.306879187578037
12.691498649988826
0.0
0.0
0.0
0.0
0.0
0.0
0.0
0.0
0.0
0.0
0.0
0.0
0.0
0.0
0.0
0.0
0.0
0.0
0.0
0.0
0.0
0.0
0.0
0.0
0.0
12.711742980184514
0.0
0.0
0.0
0.0
0.0
0.0
0.0
0.0
0.0
0.0
0.0
12.705391046128428
0.0
0.0
0.0
0.0
0.0
0.0
0.0
0.0
0.0
0.0
0.0
0.0
0.0
13.347039333640089
0.0
0.0
0.0
0.0
0.0
0.0
12.706076450673143
0.0
0.0
0.0
0.0
0.0
0.0
0.0
0.0
0.0
13.343965825848862
12.813902282337038
0.0
0.0
0.0
0.0
0.0
0.0
13.319175016748778
0.0
0.0
13.333936185539114
0.0
0.0
0.0
0.0
0.0
0.0
0.0
13.176130846905803
13.254474818683864
0.0
0.0
0.0
0.0
0.0
13.252478280907415
13.01403105669902
0.0
0.0
0.0
13.356985189179202
0.0
12.711584647550861
0.0
0.0
0.0
0.0
0.0
0.0
0.0
0.0
0.0
0.0
0.0
0.0
0.0
0.0
0.0
13.376945408942287
0.0
0.0
0.0
0.0
13.366868040679863
0.0
0.0
0.0
0.0
0.0
0.0
0.0
0.0
0.0
0.0
13.353305621719109
0.0
0.0
0.0
0.0
0.0
12.691508648066327
0.0
0.0
0.0
0.0
0.0
0.0
0.0
0.0
0.0
0.0
0.0
0.0
0.0
0.0
0.0
13.366897521381285
0.0
0.0
13.345710150146191
0.0
0.0
0.0
0.0
0.0
0.0
13.320914335000706
0.0
0.0
0.0
0.0
0.0
0.0
0.0
0.0
0.0
0.0
0.0
0.0
0.0
0.0
0.0
0.0
0.0
0.0
0.0
0.0
13.366379603690397
0.0
0.0
12.691506008292048
0.0
0.0
0.0
0.0
0.0
0.0
0.0
0.0
12.69149554070336
0.0
0.0
0.0
0.0
0.0
0.0
12.975477862127175
0.0
0.0
0.0
0.0
0.0
0.0
0.0
0.0
0.0
0.0
0.0
13.260910150463825
13.353031155767926
0.0
0.0
0.0
0.0
12.706070184346961
0.0
0.0
0.0
0.0
0.0
0.0
0.0
0.0
0.0
0.0
0.0
0.0
0.0
0.0
0.0
0.0
0.0
0.0
0.0
0.0
12.706053708344294
0.0
13.353048485204301
0.0
0.0
13.352892364504994
0.0
0.0
0.0
0.0
0.0
0.0
0.0
0.0
0.0
0.0
0.0
0.0
0.0
0.0
0.0
0.0
0.0
0.0
12.705396543747456
12.706038924540445
0.0
12.706052790932056
0.0
0.0
0.0
0.0
0.0
0.0
0.0
13.381688812686713
0.0
0.0
0.0
0.0
0.0
0.0
0.0
0.0
0.0
13.241157099418663
0.0
0.0
0.0
0.0
0.0
0.0
13.335061131901991
0.0
0.0
0.0
0.0
0.0
13.34690594452164
0.0
0.0
13.341908156029676
0.0
0.0
0.0
0.0
0.0
0.0
0.0
0.0
0.0
0.0
0.0
0.0
0.0
0.0
0.0
0.0
0.0
0.0
0.0
12.888331222968446
0.0
0.0
0.0
0.0
0.0
0.0
0.0
0.0
0.0
13.368706755773871
0.0
0.0
0.0
12.706054454947726
0.0
0.0
0.0
0.0
0.0
0.0
0.0
0.0
0.0
0.0
0.0
0.0
0.0
0.0
0.0
0.0
0.0
0.0
0.0
0.0
0.0
0.0
12.705386626110226
0.0
0.0
0.0
13.332564295404552
13.351845022011815
0.0
0.0
0.0
13.332383098063538
0.0
0.0
0.0
0.0
0.0
0.0
0.0
0.0
13.299679523776716
0.0
0.0
13.044871430385573
0.0
0.0
0.0
0.0
0.0
0.0
0.0
0.0
0.0
0.0
0.0
13.369624985176344
0.0
0.0
0.0
0.0
0.0
0.0
0.0
0.0
0.0
0.0
0.0
0.0
0.0
0.0
0.0
0.0
12.706029512680697
0.0
0.0
0.0
0.0
0.0
0.0
0.0
0.0
13.299974222082835
12.706036580058452
0.0
0.0
0.0
12.925714125339983
0.0
0.0
0.0
13.348653501993876
0.0
0.0
0.0
0.0
12.709354771933464
0.0
0.0
0.0
0.0
13.220010569334324
0.0
0.0
0.0
0.0
0.0
13.326658079948867
0.0
0.0
13.363969691843145
0.0
0.0
0.0
0.0
0.0
0.0
0.0
0.0
0.0
0.0
0.0
0.0
0.0
13.348826516740024
0.0
0.0
0.0
0.0
13.31052773916679
12.690186789561889
0.0
0.0
0.0
0.0
0.0
0.0
0.0
13.347809679499669
0.0
0.0
0.0
0.0
0.0
0.0
0.0
0.0
0.0
0.0
13.320963929878936
12.706037532449182
0.0
13.352883278289978
0.0
0.0
0.0
0.0
0.0
0.0
0.0
0.0
13.310092728911178
0.0
0.0
0.0
0.0
0.0
0.0
0.0
12.691507284303915
0.0
0.0
0.0
0.0
0.0
0.0
12.706054299950987
0.0
13.0900518786428
0.0
0.0
0.0
0.0
0.0
0.0
0.0
0.0
12.705386172353473
0.0
0.0
0.0
0.0
0.0
0.0
0.0
0.0
0.0
0.0
13.265011587302956
0.0
0.0
0.0
0.0
0.0
0.0
0.0
0.0
0.0
0.0
0.0
12.691503592413895
0.0
0.0
0.0
0.0
0.0
0.0
0.0
0.0
13.331225371156476
0.0
0.0
0.0
0.0
13.120525650554761
0.0
0.0
0.0
0.0
13.35136768899356
0.0
0.0
0.0
0.0
0.0
13.366830907180287
0.0
13.297703047157231
0.0
0.0
0.0
0.0
0.0
0.0
0.0
0.0
13.34493013805098
0.0
0.0
0.0
12.984672974532613
0.0
13.33138769519928
0.0
0.0
0.0
0.0
0.0
0.0
0.0
0.0
0.0
0.0
0.0
0.0
0.0
0.0
0.0
12.705402047904219
13.35817383123978
13.38295495661991
0.0
0.0
0.0
0.0
0.0
0.0
0.0
0.0
0.0
0.0
0.0
0.0
0.0
0.0
0.0
0.0
0.0
0.0
0.0
0.0
0.0
0.0
0.0
0.0
0.0
0.0
0.0
0.0
0.0
0.0
0.0
0.0
0.0
0.0
0.0
0.0
0.0
0.0
0.0
0.0
0.0
0.0
0.0
0.0
0.0
0.0
0.0
0.0
0.0
0.0
0.0
0.0
0.0
0.0
0.0
0.0
0.0
0.0
0.0
0.0
0.0
13.35709820838672
12.705371437528106
0.0
0.0
0.0
0.0
0.0
0.0
0.0
13.358210709681385
0.0
0.0
0.0
0.0
0.0
0.0
0.0
0.0
0.0
13.2455733269457
0.0
0.0
0.0
0.0
0.0
0.0
0.0
0.0
0.0
0.0
0.0
0.0
0.0
0.0
12.752857584192464
0.0
0.0
0.0
0.0
0.0
0.0
13.35220641120658
0.0
13.355824234365155
0.0
0.0
0.0
13.04796742558044
0.0
0.0
0.0
0.0
0.0
0.0
0.0
0.0
0.0
0.0
0.0
0.0
0.0
0.0
0.0
0.0
0.0
0.0
0.0
0.0
0.0
0.0
0.0
13.362042826233628
0.0
0.0
0.0
0.0
0.0
12.705389224054604
0.0
0.0
0.0
13.345347560182601
0.0
0.0
0.0
0.0
0.0
0.0
0.0
0.0
0.0
0.0
13.19269831500697
0.0
0.0
0.0
13.236656138220468
0.0
0.0
13.323399136114118
0.0
12.706039180228284
0.0
0.0
0.0
0.0
0.0
0.0
0.0
0.0
0.0
0.0
0.0
0.0
0.0
0.0
13.331903407916029
13.15845135056545
0.0
0.0
0.0
0.0
0.0
0.0
0.0
0.0
0.0
0.0
0.0
0.0
0.0
0.0
0.0
0.0
0.0
0.0
0.0
13.355253602205662
0.0
0.0
0.0
0.0
0.0
0.0
0.0
0.0
12.691500940134329
0.0
0.0
0.0
0.0
0.0
0.0
0.0
0.0
0.0
0.0
0.0
12.822886837258936
0.0
13.236381247195425
0.0
0.0
0.0
13.35449313665588
0.0
0.0
0.0
0.0
13.364787528286678
0.0
0.0
0.0
0.0
12.85940479428908
0.0
0.0
0.0
0.0
0.0
0.0
0.0
0.0
13.352701210311876
13.359066816721784
0.0
0.0
0.0
13.353154420914702
0.0
0.0
0.0
0.0
0.0
0.0
0.0
0.0
0.0
13.256527222518471
13.349259100753907
13.349092651208082
0.0
0.0
0.0
0.0
0.0
0.0
0.0
0.0
0.0
0.0
0.0
0.0
12.690862370647194
0.0
0.0
0.0
0.0
0.0
0.0
0.0
0.0
0.0
0.0
0.0
0.0
0.0
12.691494849425116
0.0
0.0
0.0
0.0
0.0
0.0
0.0
0.0
12.706041555135696
0.0
0.0
0.0
0.0
0.0
0.0
0.0
13.367824191865523
0.0
13.356912986581897
0.0
0.0
0.0
0.0
0.0
0.0
0.0
0.0
0.0
0.0
0.0
0.0
12.70539949378445
0.0
0.0
0.0
0.0
0.0
0.0
0.0
0.0
0.0
0.0
13.367493013606396
0.0
0.0
0.0
0.0
0.0
0.0
0.0
0.0
0.0
0.0
0.0
0.0
0.0
0.0
12.691512179627757
0.0
12.69149988481801
0.0
0.0
0.0
0.0
0.0
0.0
0.0
0.0
0.0
0.0
0.0
0.0
0.0
0.0
0.0
0.0
0.0
13.37132761570678
12.705374571736442
0.0
0.0
0.0
0.0
0.0
0.0
0.0
0.0
0.0
0.0
0.0
0.0
13.364170538767056
0.0
0.0
0.0
0.0
0.0
0.0
0.0
0.0
0.0
0.0
0.0
0.0
13.323800639202316
0.0
0.0
0.0
0.0
0.0
0.0
0.0
12.929207335264959
0.0
0.0
0.0
0.0
13.34989297079783
0.0
0.0
0.0
12.706046755164595
0.0
0.0
0.0
0.0
12.691506075387455
0.0
12.705392965098522
0.0
0.0
0.0
0.0
0.0
0.0
0.0
0.0
0.0
0.0
0.0
0.0
0.0
0.0
0.0
0.0
0.0
0.0
0.0
12.705378546315822
0.0
0.0
13.266123863565074
12.757133600182005
0.0
0.0
0.0
0.0
0.0
0.0
0.0
0.0
0.0
0.0
0.0
0.0
0.0
0.0
0.0
13.324503298201495
0.0
0.0
0.0
12.70602448137571
0.0
0.0
13.38484348025391
0.0
0.0
0.0
0.0
0.0
0.0
0.0
0.0
0.0
0.0
0.0
0.0
0.0
0.0
0.0
0.0
0.0
0.0
0.0
13.349799787660348
0.0
0.0
0.0
0.0
0.0
0.0
0.0
0.0
0.0
0.0
0.0
0.0
0.0
0.0
0.0
0.0
0.0
0.0
0.0
0.0
0.0
0.0
0.0
0.0
0.0
0.0
0.0
0.0
0.0
0.0
0.0
13.086031505539786
0.0
0.0
0.0
0.0
0.0
0.0
0.0
0.0
0.0
0.0
0.0
0.0
0.0
0.0
0.0
0.0
0.0
13.370342974409487
0.0
0.0
0.0
0.0
0.0
0.0
0.0
0.0
0.0
0.0
0.0
0.0
0.0
12.706035998529748
0.0
0.0
0.0
0.0
13.342715540289703
0.0
0.0
0.0
0.0
0.0
0.0
12.690850004098582
0.0
0.0
0.0
0.0
0.0
0.0
13.377555223548855
0.0
0.0
13.304087220245579
0.0
0.0
0.0
0.0
0.0
0.0
0.0
0.0
0.0
0.0
0.0
0.0
0.0
0.0
0.0
0.0
0.0
12.848145101744542
0.0
0.0
0.0
0.0
0.0
0.0
0.0
0.0
0.0
0.0
13.25316378052414
0.0
0.0
0.0
0.0
0.0
0.0
0.0
0.0
0.0
0.0
13.263939476638813
0.0
0.0
0.0
0.0
0.0
0.0
13.378351634713768
0.0
0.0
0.0
0.0
12.691500346549994
0.0
0.0
0.0
0.0
0.0
0.0
0.0
0.0
0.0
0.0
0.0
0.0
0.0
0.0
0.0
0.0
0.0
13.363369219222907
0.0
0.0
0.0
0.0
0.0
0.0
0.0
0.0
0.0
0.0
0.0
0.0
13.33393802615133
13.368659653647414
13.38376516455371
0.0
0.0
0.0
0.0
0.0
0.0
0.0
0.0
0.0
0.0
12.691504359981778
0.0
13.384462225958387
0.0
0.0
0.0
0.0
0.0
12.70536943014839
0.0
0.0
0.0
0.0
0.0
0.0
0.0
0.0
0.0
0.0
0.0
0.0
0.0
0.0
0.0
0.0
0.0
0.0
0.0
13.348777311113272
13.38474999769689
0.0
0.0
0.0
0.0
0.0
0.0
12.705374939654567
12.691506054766338
0.0
12.705380747474338
12.690860916252307
0.0
0.0
0.0
0.0
0.0
0.0
0.0
0.0
0.0
0.0
0.0
0.0
0.0
0.0
0.0
0.0
0.0
0.0
0.0
0.0
0.0
0.0
0.0
0.0
0.0
0.0
0.0
0.0
0.0
0.0
0.0
13.353682256759688
0.0
0.0
13.34611520512021
0.0
0.0
0.0
0.0
0.0
0.0
0.0
0.0
0.0
0.0
0.0
0.0
0.0
0.0
0.0
0.0
0.0
12.705370991376123
0.0
13.252606406898497
0.0
0.0
0.0
12.705391521371117
0.0
0.0
0.0
0.0
0.0
0.0
0.0
13.337054718044351
0.0
0.0
0.0
0.0
0.0
0.0
0.0
0.0
0.0
0.0
12.691500367406496
0.0
0.0
0.0
13.34491112041474
0.0
0.0
13.284494574869235
0.0
13.347549265838367
0.0
0.0
0.0
13.089762739480317
0.0
0.0
0.0
0.0
0.0
0.0
13.336742321830004
0.0
0.0
13.363208587717587
0.0
0.0
0.0
0.0
0.0
0.0
0.0
0.0
0.0
0.0
0.0
0.0
0.0
0.0
0.0
0.0
0.0
0.0
0.0
0.0
0.0
0.0
0.0
0.0
0.0
0.0
0.0
0.0
0.0
0.0
0.0
0.0
13.266582643315518
0.0
0.0
0.0
0.0
0.0
0.0
0.0
13.35384035580492
0.0
13.281155706069233
0.0
0.0
0.0
0.0
0.0
12.877201439039883
0.0
0.0
0.0
0.0
0.0
0.0
0.0
0.0
0.0
0.0
0.0
0.0
0.0
0.0
0.0
0.0
0.0
0.0
0.0
12.705369081373874
0.0
0.0
0.0
0.0
0.0
13.334348402278938
0.0
0.0
0.0
0.0
0.0
0.0
0.0
13.379982571977587
0.0
13.360554060332294
0.0
0.0
13.35156707381502
0.0
0.0
0.0
0.0
0.0
0.0
0.0
0.0
0.0
0.0
0.0
0.0
0.0
0.0
0.0
0.0
0.0
0.0
0.0
0.0
0.0
13.329617131788636
0.0
0.0
0.0
0.0
12.746621160528163
0.0
0.0
0.0
0.0
0.0
0.0
0.0
0.0
0.0
0.0
0.0
0.0
0.0
0.0
0.0
0.0
0.0
0.0
0.0
0.0
0.0
0.0
0.0
0.0
0.0
0.0
0.0
0.0
0.0
0.0
0.0
0.0
13.36222652558838
13.369352265875182
12.691493652020746
0.0
0.0
0.0
0.0
0.0
0.0
0.0
0.0
0.0
0.0
0.0
0.0
12.691494389414158
0.0
0.0
0.0
0.0
0.0
0.0
0.0
0.0
0.0
0.0
0.0
0.0
0.0
0.0
0.0
0.0
13.348182357819695
0.0
0.0
0.0
0.0
0.0
0.0
0.0
0.0
0.0
0.0
0.0
0.0
0.0
0.0
0.0
0.0
0.0
0.0
0.0
0.0
0.0
13.27621788073853
0.0
0.0
0.0
0.0
0.0
0.0
13.348638167958594
0.0
0.0
0.0
0.0
0.0
0.0
0.0
0.0
0.0
0.0
0.0
0.0
0.0
13.329617399712156
12.705372817908746
0.0
0.0
0.0
0.0
0.0
0.0
0.0
0.0
0.0
0.0
12.705395976001617
0.0
0.0
0.0
0.0
0.0
0.0
0.0
0.0
13.380479803078764
0.0
0.0
0.0
0.0
0.0
0.0
0.0
0.0
0.0
0.0
0.0
0.0
0.0
0.0
13.356976585031836
0.0
0.0
0.0
0.0
0.0
0.0
0.0
0.0
0.0
0.0
0.0
0.0
13.355103059161545
0.0
0.0
0.0
12.706032905638558
13.37755552303892
0.0
0.0
12.706038570641681
0.0
0.0
0.0
0.0
0.0
0.0
0.0
0.0
0.0
12.705378761163193
0.0
0.0
13.384813202100837
0.0
0.0
0.0
0.0
0.0
0.0
0.0
0.0
0.0
0.0
0.0
12.69149957790905
0.0
0.0
0.0
0.0
0.0
0.0
0.0
0.0
0.0
0.0
0.0
0.0
0.0
12.705379347679402
0.0
0.0
0.0
0.0
0.0
0.0
0.0
13.35413078040999
0.0
0.0
0.0
0.0
0.0
0.0
0.0
0.0
0.0
0.0
0.0
0.0
0.0
12.690842399303792
0.0
0.0
13.336610280492998
13.256842535654426
0.0
0.0
0.0
0.0
0.0
13.384795312021051
0.0
0.0
0.0
0.0
0.0
0.0
0.0
0.0
0.0
0.0
0.0
12.706050883771063
0.0
0.0
0.0
0.0
0.0
0.0
0.0
0.0
0.0
0.0
0.0
13.373308157057792
0.0
0.0
0.0
13.325678129227827
0.0
0.0
0.0
0.0
0.0
13.35462307847921
0.0
0.0
0.0
0.0
0.0
0.0
0.0
13.134679246045627
0.0
0.0
0.0
0.0
0.0
0.0
0.0
0.0
0.0
0.0
13.367403442936954
0.0
13.383440820215458
0.0
0.0
0.0
0.0
0.0
0.0
0.0
0.0
13.369952981591513
0.0
0.0
0.0
0.0
0.0
0.0
0.0
0.0
0.0
0.0
12.706048487952284
0.0
13.124568013042328
0.0
0.0
0.0
13.282261081388993
0.0
13.366412006717233
0.0
0.0
0.0
12.691512952678607
0.0
0.0
0.0
0.0
0.0
0.0
0.0
0.0
0.0
0.0
0.0
0.0
0.0
0.0
0.0
0.0
0.0
0.0
0.0
0.0
0.0
0.0
0.0
0.0
0.0
0.0
0.0
0.0
0.0
0.0
0.0
12.706046107721921
0.0
0.0
0.0
0.0
0.0
0.0
0.0
0.0
0.0
0.0
13.343928990613747
0.0
0.0
0.0
12.706038950232454
0.0
0.0
0.0
0.0
0.0
0.0
0.0
13.351425183333713
0.0
0.0
0.0
0.0
13.347243228278288
0.0
13.335483394522518
0.0
0.0
0.0
0.0
0.0
0.0
0.0
0.0
0.0
0.0
0.0
12.706049955993873
0.0
0.0
0.0
0.0
0.0
0.0
0.0
0.0
0.0
0.0
0.0
0.0
0.0
0.0
0.0
0.0
13.11100888232876
0.0
0.0
0.0
0.0
0.0
0.0
0.0
0.0
13.279230410357833
12.788237213146228
0.0
0.0
0.0
0.0
0.0
0.0
0.0
0.0
13.09823794135057
13.375447656172629
13.335613352115145
12.691492974369249
0.0
0.0
0.0
0.0
0.0
0.0
0.0
0.0
0.0
0.0
0.0
0.0
0.0
0.0
0.0
0.0
0.0
0.0
13.109532462682647
0.0
0.0
0.0
0.0
0.0
0.0
0.0
0.0
0.0
0.0
0.0
0.0
0.0
0.0
0.0
0.0
0.0
0.0
0.0
0.0
0.0
0.0
0.0
0.0
0.0
13.103431574201139
0.0
0.0
12.705369543424746
13.336197797570716
0.0
0.0
0.0
0.0
0.0
0.0
0.0
0.0
12.705373554598866
0.0
0.0
0.0
0.0
0.0
0.0
0.0
0.0
0.0
0.0
0.0
0.0
0.0
0.0
0.0
0.0
12.706055412222838
0.0
12.706052464315121
0.0
0.0
0.0
0.0
0.0
12.79509068633823
0.0
13.328749422761724
0.0
0.0
0.0
0.0
0.0
0.0
12.70538756880059
0.0
0.0
0.0
0.0
13.335135823104453
0.0
0.0
0.0
0.0
0.0
0.0
0.0
0.0
0.0
13.360112886057834
0.0
0.0
0.0
0.0
0.0
0.0
0.0
0.0
0.0
0.0
0.0
12.690859970406017
0.0
0.0
0.0
0.0
0.0
0.0
0.0
0.0
0.0
0.0
13.258951429912042
0.0
13.354918363785636
0.0
0.0
0.0
0.0
0.0
0.0
0.0
0.0
0.0
0.0
0.0
0.0
0.0
0.0
0.0
12.691516342504809
0.0
0.0
0.0
0.0
13.355635841528247
0.0
0.0
0.0
0.0
0.0
0.0
0.0
0.0
0.0
0.0
0.0
13.384573333530534
0.0
0.0
0.0
0.0
0.0
0.0
0.0
13.295272191120985
0.0
0.0
0.0
0.0
13.354631008960787
0.0
0.0
0.0
0.0
0.0
0.0
0.0
0.0
13.352834762934497
0.0
0.0
0.0
0.0
0.0
0.0
0.0
13.310436096359876
0.0
0.0
0.0
0.0
0.0
0.0
0.0
13.331858460533933
0.0
0.0
0.0
13.366802394210486
0.0
0.0
0.0
0.0
0.0
0.0
0.0
0.0
0.0
0.0
0.0
0.0
0.0
0.0
0.0
0.0
13.369370562795687
0.0
13.313005610143271
0.0
0.0
0.0
0.0
0.0
0.0
0.0
0.0
0.0
0.0
0.0
0.0
0.0
0.0
0.0
0.0
12.884531166804011
0.0
0.0
0.0
0.0
0.0
0.0
0.0
0.0
0.0
0.0
0.0
0.0
0.0
0.0
0.0
0.0
0.0
0.0
0.0
0.0
0.0
0.0
0.0
0.0
13.351870698384115
0.0
13.358891838313742
13.224613048208766
0.0
0.0
0.0
0.0
13.38211563445476
0.0
0.0
0.0
0.0
0.0
12.843472719848444
0.0
0.0
0.0
0.0
0.0
0.0
0.0
0.0
0.0
0.0
0.0
0.0
13.358079507149265
0.0
0.0
0.0
0.0
0.0
0.0
0.0
0.0
0.0
0.0
0.0
0.0
0.0
0.0
0.0
0.0
0.0
0.0
0.0
0.0
0.0
12.706039122822222
0.0
0.0
0.0
0.0
0.0
0.0
0.0
0.0
0.0
0.0
13.277345164880073
0.0
12.705391390214244
0.0
0.0
0.0
0.0
0.0
0.0
0.0
0.0
0.0
0.0
0.0
0.0
0.0
0.0
0.0
0.0
0.0
0.0
0.0
0.0
0.0
0.0
0.0
0.0
0.0
0.0
13.294801190101364
0.0
0.0
0.0
0.0
0.0
0.0
0.0
0.0
13.374456731430246
0.0
0.0
0.0
0.0
0.0
0.0
0.0
0.0
0.0
0.0
0.0
0.0
0.0
0.0
13.240640638159142
0.0
0.0
0.0
12.691494534076098
0.0
0.0
0.0
0.0
0.0
0.0
0.0
0.0
0.0
0.0
0.0
0.0
0.0
0.0
0.0
0.0
0.0
0.0
12.69150419230031
13.364550426035695
0.0
0.0
0.0
0.0
0.0
0.0
0.0
0.0
0.0
0.0
0.0
0.0
0.0
0.0
0.0
0.0
0.0
13.049282928968507
0.0
0.0
0.0
0.0
12.706070699933896
0.0
0.0
0.0
0.0
0.0
0.0
0.0
0.0
0.0
0.0
0.0
0.0
0.0
0.0
0.0
0.0
0.0
12.706038035374574
0.0
0.0
13.347294820021123
0.0
0.0
0.0
0.0
0.0
0.0
0.0
0.0
0.0
0.0
0.0
0.0
0.0
0.0
0.0
0.0
0.0
0.0
0.0
0.0
0.0
0.0
0.0
0.0
0.0
0.0
0.0
0.0
0.0
0.0
0.0
0.0
0.0
0.0
0.0
0.0
0.0
0.0
0.0
0.0
0.0
0.0
0.0
0.0
0.0
0.0
13.377370102803482
0.0
0.0
0.0
0.0
0.0
0.0
12.907077156941712
0.0
0.0
0.0
0.0
0.0
0.0
0.0
0.0
12.757825051765991
0.0
0.0
0.0
13.35366883412438
0.0
0.0
0.0
0.0
0.0
0.0
0.0
0.0
12.830830183966404
0.0
0.0
12.706024103501598
0.0
0.0
0.0
13.364555663060809
0.0
13.065756434041326
0.0
0.0
0.0
0.0
0.0
0.0
0.0
0.0
0.0
0.0
0.0
0.0
0.0
0.0
0.0
13.162044740748458
0.0
0.0
0.0
0.0
0.0
0.0
0.0
0.0
0.0
0.0
0.0
0.0
0.0
0.0
0.0
0.0
0.0
0.0
0.0
0.0
0.0
0.0
0.0
0.0
0.0
0.0
0.0
0.0
0.0
12.691506652383437
0.0
0.0
0.0
0.0
0.0
0.0
0.0
0.0
0.0
0.0
0.0
0.0
0.0
0.0
13.34383473080282
13.342841730141181
0.0
0.0
0.0
0.0
0.0
0.0
0.0
0.0
0.0
0.0
0.0
0.0
0.0
0.0
0.0
13.3410154499733
0.0
12.70537761927981
0.0
0.0
12.691493075826402
0.0
0.0
0.0
0.0
0.0
0.0
0.0
0.0
0.0
0.0
0.0
0.0
0.0
0.0
0.0
0.0
0.0
0.0
0.0
0.0
0.0
0.0
0.0
0.0
13.369956367652346
0.0
13.332974336577358
0.0
0.0
0.0
0.0
0.0
0.0
0.0
0.0
12.706069370604029
0.0
0.0
0.0
13.333336798564115
0.0
0.0
0.0
13.355526338265404
12.691511569035299
0.0
0.0
0.0
0.0
0.0
0.0
0.0
0.0
0.0
0.0
13.344527089431228
0.0
0.0
0.0
12.706048251903557
0.0
0.0
0.0
0.0
13.349270963750703
0.0
0.0
0.0
0.0
0.0
0.0
0.0
0.0
0.0
0.0
0.0
0.0
0.0
0.0
0.0
0.0
12.793454446246521
0.0
0.0
0.0
0.0
0.0
0.0
0.0
0.0
0.0
0.0
0.0
0.0
12.892908649262049
0.0
0.0
0.0
0.0
12.706048236332446
0.0
12.705366843316808
0.0
0.0
13.352109691391382
0.0
0.0
0.0
0.0
0.0
0.0
0.0
0.0
0.0
0.0
0.0
0.0
0.0
12.691495993437659
0.0
12.6915162999668
0.0
0.0
0.0
0.0
0.0
0.0
0.0
0.0
0.0
0.0
0.0
0.0
0.0
13.099570227408982
0.0
0.0
0.0
0.0
0.0
0.0
0.0
0.0
0.0
0.0
0.0
0.0
0.0
0.0
0.0
0.0
0.0
13.333888719164413
0.0
12.691501428852611
0.0
0.0
0.0
0.0
13.05252227322135
13.35204736533741
13.327948209927998
0.0
0.0
0.0
0.0
0.0
0.0
13.350241405215055
0.0
0.0
0.0
13.376485550392143
0.0
0.0
0.0
0.0
0.0
0.0
0.0
0.0
12.70605050722826
0.0
0.0
0.0
0.0
0.0
0.0
0.0
13.379658611601783
0.0
0.0
0.0
0.0
12.966587572650411
0.0
13.2377652485591
0.0
0.0
0.0
0.0
0.0
0.0
0.0
0.0
0.0
0.0
13.348720995079116
0.0
0.0
13.269117676830106
0.0
13.324899797897219
0.0
0.0
0.0
0.0
0.0
0.0
0.0
13.332898387780844
0.0
0.0
0.0
0.0
0.0
0.0
13.348298689602338
0.0
0.0
0.0
0.0
0.0
0.0
12.691500178051152
0.0
0.0
0.0
0.0
0.0
0.0
0.0
0.0
0.0
0.0
0.0
0.0
0.0
0.0
0.0
0.0
0.0
0.0
0.0
0.0
0.0
0.0
0.0
0.0
0.0
0.0
0.0
0.0
0.0
0.0
0.0
0.0
13.368859406952758
0.0
0.0
0.0
0.0
12.763726288645397
0.0
13.33879002779519
12.926015660607945
0.0
0.0
0.0
12.706710479361451
0.0
0.0
13.38097303637172
13.072289255214217
0.0
0.0
0.0
0.0
0.0
0.0
0.0
0.0
0.0
0.0
0.0
0.0
0.0
12.705391623750192
0.0
0.0
0.0
0.0
0.0
13.347557536878346
0.0
0.0
0.0
0.0
0.0
0.0
0.0
0.0
0.0
0.0
0.0
0.0
0.0
0.0
0.0
0.0
0.0
0.0
0.0
0.0
0.0
0.0
0.0
0.0
0.0
0.0
0.0
0.0
0.0
0.0
0.0
13.152116234615507
13.356271831847607
0.0
0.0
0.0
0.0
0.0
0.0
13.334260520804001
0.0
0.0
0.0
0.0
0.0
0.0
0.0
0.0
0.0
0.0
0.0
0.0
0.0
0.0
0.0
0.0
0.0
0.0
0.0
0.0
0.0
0.0
13.346230852414243
0.0
0.0
0.0
0.0
0.0
13.341840734424244
0.0
0.0
0.0
0.0
0.0
0.0
12.705379136305302
0.0
0.0
0.0
0.0
0.0
0.0
0.0
12.705380081159486
12.811989406218105
0.0
0.0
0.0
0.0
0.0
13.343161091787978
0.0
0.0
0.0
0.0
0.0
0.0
0.0
0.0
0.0
0.0
0.0
13.364736246253019
0.0
0.0
0.0
12.878173995274205
0.0
0.0
0.0
12.9023497873663
12.81392647212002
0.0
0.0
0.0
0.0
0.0
0.0
0.0
0.0
13.353935851694345
0.0
0.0
0.0
0.0
0.0
0.0
0.0
0.0
13.191356064751954
0.0
0.0
0.0
12.70604652183948
0.0
0.0
0.0
0.0
12.705368588271329
0.0
13.364918454572734
0.0
0.0
0.0
0.0
0.0
0.0
0.0
13.350811606361358
13.367855595546297
0.0
0.0
0.0
0.0
0.0
0.0
0.0
0.0
0.0
0.0
0.0
0.0
0.0
0.0
0.0
12.691490834595529
0.0
0.0
0.0
0.0
0.0
0.0
0.0
0.0
0.0
0.0
0.0
0.0
0.0
0.0
0.0
0.0
0.0
0.0
0.0
0.0
0.0
0.0
0.0
0.0
0.0
0.0
0.0
0.0
0.0
0.0
0.0
13.368002054451186
0.0
0.0
0.0
0.0
0.0
0.0
0.0
0.0
0.0
0.0
0.0
0.0
0.0
0.0
0.0
13.332879875034179
13.332543977188086
0.0
0.0
0.0
0.0
0.0
0.0
0.0
0.0
0.0
0.0
0.0
0.0
0.0
13.332569872240239
0.0
0.0
0.0
0.0
0.0
0.0
0.0
0.0
0.0
0.0
0.0
0.0
0.0
12.697101774160462
0.0
12.706048361302319
0.0
0.0
0.0
0.0
0.0
0.0
12.840599820989093
13.364943209229097
0.0
13.373106727683382
0.0
0.0
0.0
0.0
0.0
0.0
0.0
0.0
0.0
0.0
0.0
0.0
0.0
0.0
0.0
0.0
0.0
0.0
0.0
0.0
0.0
0.0
0.0
0.0
0.0
0.0
0.0
0.0
0.0
0.0
0.0
0.0
0.0
0.0
0.0
0.0
0.0
0.0
0.0
0.0
0.0
0.0
0.0
0.0
0.0
0.0
12.705374292106946
0.0
0.0
0.0
0.0
0.0
13.366725149414535
0.0
0.0
0.0
0.0
0.0
0.0
0.0
13.369304119471371
0.0
0.0
12.706043837619141
12.690843273909666
0.0
0.0
12.763168433899478
0.0
0.0
12.705396475055588
0.0
0.0
0.0
0.0
0.0
0.0
0.0
0.0
0.0
0.0
0.0
0.0
0.0
0.0
0.0
0.0
0.0
0.0
0.0
0.0
0.0
0.0
0.0
0.0
0.0
0.0
0.0
0.0
0.0
0.0
13.266794517635804
0.0
0.0
0.0
0.0
0.0
0.0
0.0
0.0
0.0
0.0
0.0
0.0
0.0
0.0
0.0
0.0
0.0
12.69151809406459
0.0
0.0
0.0
0.0
0.0
0.0
0.0
0.0
0.0
0.0
12.691502942533761
13.350131370854834
0.0
0.0
0.0
0.0
13.335053150133959
0.0
0.0
0.0
12.691492937077214
0.0
0.0
0.0
0.0
0.0
0.0
12.691489959533518
0.0
0.0
0.0
0.0
0.0
0.0
0.0
0.0
0.0
0.0
0.0
0.0
0.0
0.0
0.0
0.0
0.0
0.0
0.0
0.0
0.0
0.0
0.0
0.0
13.37798539688982
0.0
12.975678026274101
0.0
0.0
0.0
0.0
0.0
0.0
0.0
0.0
0.0
0.0
0.0
0.0
0.0
13.064458293093628
0.0
0.0
0.0
0.0
0.0
0.0
0.0
0.0
0.0
0.0
0.0
13.113488087684935
0.0
0.0
0.0
0.0
0.0
0.0
0.0
0.0
0.0
0.0
0.0
0.0
0.0
0.0
0.0
0.0
0.0
0.0
0.0
0.0
0.0
0.0
0.0
0.0
0.0
0.0
0.0
0.0
0.0
0.0
0.0
0.0
0.0
0.0
0.0
0.0
0.0
0.0
0.0
0.0
0.0
0.0
0.0
0.0
0.0
0.0
13.02712894881759
12.691518600583064
0.0
0.0
13.017043133188217
0.0
0.0
0.0
0.0
0.0
0.0
0.0
0.0
0.0
0.0
0.0
0.0
0.0
0.0
0.0
0.0
0.0
13.330483444470172
0.0
0.0
0.0
0.0
13.382580911865977
0.0
0.0
0.0
0.0
0.0
0.0
0.0
0.0
0.0
0.0
12.767188416904549
0.0
0.0
0.0
0.0
0.0
0.0
0.0
0.0
0.0
0.0
0.0
0.0
0.0
0.0
13.04563428836462
0.0
0.0
0.0
0.0
0.0
0.0
0.0
0.0
0.0
0.0
0.0
0.0
0.0
0.0
0.0
0.0
0.0
0.0
0.0
0.0
0.0
0.0
0.0
0.0
13.053828130530519
0.0
0.0
0.0
12.6915020967646
13.348366424728319
13.384610278856496
0.0
0.0
0.0
0.0
0.0
12.705402445098075
0.0
0.0
0.0
0.0
0.0
0.0
0.0
0.0
0.0
0.0
0.0
0.0
12.705370066892039
0.0
13.317063339889643
0.0
0.0
13.299129149389369
0.0
0.0
0.0
0.0
0.0
0.0
0.0
0.0
0.0
0.0
0.0
12.935326914820887
0.0
0.0
0.0
0.0
0.0
0.0
0.0
0.0
13.367950821394933
0.0
0.0
0.0
0.0
0.0
0.0
0.0
12.70538822714798
13.347620558470172
0.0
0.0
0.0
0.0
0.0
0.0
13.372101464527269
0.0
13.373704797292477
0.0
0.0
0.0
0.0
0.0
0.0
0.0
13.185702603806257
0.0
0.0
0.0
0.0
0.0
0.0
0.0
0.0
0.0
0.0
13.360346033876107
0.0
0.0
0.0
0.0
0.0
0.0
13.345122130154477
0.0
0.0
0.0
0.0
0.0
0.0
0.0
0.0
13.213733947166268
0.0
0.0
0.0
0.0
12.706032127410335
0.0
0.0
0.0
0.0
0.0
0.0
0.0
0.0
0.0
0.0
0.0
0.0
0.0
0.0
0.0
0.0
0.0
0.0
0.0
0.0
0.0
13.254344479526178
0.0
13.073249562246238
0.0
0.0
0.0
0.0
0.0
0.0
0.0
0.0
0.0
0.0
0.0
0.0
0.0
0.0
0.0
0.0
0.0
0.0
0.0
0.0
0.0
12.69149301638934
0.0
0.0
0.0
0.0
0.0
0.0
0.0
0.0
0.0
0.0
0.0
0.0
0.0
0.0
0.0
0.0
0.0
13.355416400601957
0.0
0.0
0.0
0.0
0.0
0.0
0.0
0.0
0.0
0.0
0.0
0.0
0.0
0.0
0.0
0.0
0.0
0.0
0.0
0.0
0.0
0.0
0.0
0.0
0.0
0.0
0.0
0.0
0.0
0.0
0.0
0.0
0.0
0.0
0.0
0.0
0.0
0.0
0.0
0.0
0.0
13.348647334940996
0.0
0.0
0.0
0.0
0.0
0.0
0.0
0.0
0.0
0.0
0.0
0.0
0.0
0.0
0.0
0.0
13.347716114024639
12.971266076821923
0.0
0.0
0.0
12.691500507864054
0.0
0.0
0.0
0.0
0.0
0.0
0.0
0.0
0.0
0.0
12.691507429084627
0.0
0.0
0.0
0.0
13.384535492866885
0.0
0.0
0.0
0.0
0.0
0.0
0.0
0.0
0.0
0.0
0.0
0.0
13.374042306900106
0.0
0.0
0.0
0.0
0.0
0.0
0.0
0.0
0.0
0.0
0.0
0.0
0.0
0.0
0.0
0.0
0.0
0.0
0.0
0.0
0.0
0.0
0.0
0.0
0.0
0.0
0.0
0.0
0.0
0.0
0.0
0.0
0.0
0.0
0.0
12.800812234464969
0.0
0.0
0.0
0.0
0.0
0.0
0.0
12.705370208914596
0.0
0.0
0.0
0.0
0.0
0.0
0.0
0.0
0.0
0.0
0.0
0.0
0.0
0.0
0.0
0.0
0.0
0.0
0.0
0.0
0.0
0.0
0.0
0.0
0.0
0.0
0.0
0.0
0.0
0.0
0.0
0.0
0.0
0.0
12.97321371445071
0.0
0.0
0.0
0.0
0.0
0.0
0.0
0.0
0.0
0.0
13.308682594124727
13.349295316560209
0.0
0.0
0.0
0.0
0.0
13.333741834319627
0.0
0.0
0.0
0.0
0.0
0.0
0.0
0.0
0.0
12.731938794276395
0.0
0.0
0.0
0.0
0.0
0.0
0.0
0.0
13.343527247334906
13.38183805513025
0.0
0.0
0.0
0.0
0.0
0.0
0.0
0.0
0.0
0.0
0.0
0.0
0.0
0.0
0.0
0.0
0.0
0.0
0.0
0.0
0.0
0.0
0.0
0.0
0.0
0.0
0.0
0.0
0.0
0.0
0.0
0.0
0.0
0.0
0.0
0.0
0.0
0.0
0.0
0.0
0.0
0.0
0.0
13.353097129205704
0.0
0.0
0.0
0.0
0.0
0.0
0.0
0.0
0.0
12.88302932722446
13.338111583752488
0.0
0.0
0.0
0.0
12.70537127623586
0.0
0.0
0.0
0.0
0.0
13.287502512619449
0.0
13.274245999921604
0.0
0.0
0.0
0.0
0.0
0.0
0.0
0.0
0.0
0.0
0.0
0.0
12.691499183096786
0.0
0.0
0.0
0.0
0.0
0.0
0.0
0.0
0.0
0.0
0.0
0.0
0.0
13.371505947729158
13.244920761676974
0.0
0.0
0.0
0.0
0.0
0.0
0.0
0.0
0.0
0.0
0.0
0.0
0.0
0.0
0.0
0.0
0.0
0.0
0.0
13.330573717205063
0.0
0.0
0.0
0.0
0.0
12.691506985148713
0.0
0.0
0.0
0.0
0.0
13.38394076289681
0.0
0.0
0.0
0.0
0.0
0.0
0.0
0.0
0.0
0.0
0.0
0.0
0.0
0.0
0.0
0.0
0.0
0.0
0.0
0.0
0.0
0.0
0.0
0.0
12.690844140440033
0.0
0.0
0.0
0.0
0.0
0.0
0.0
0.0
0.0
0.0
0.0
0.0
0.0
0.0
0.0
12.991014960602312
0.0
0.0
0.0
0.0
12.856933331103722
0.0
0.0
0.0
0.0
0.0
0.0
0.0
13.332452994967348
0.0
0.0
0.0
0.0
0.0
0.0
0.0
0.0
0.0
0.0
0.0
0.0
0.0
0.0
0.0
0.0
12.6915105711532
0.0
13.347620446681638
0.0
0.0
0.0
0.0
0.0
0.0
0.0
0.0
0.0
0.0
0.0
0.0
0.0
0.0
0.0
0.0
0.0
13.359212766033671
0.0
0.0
13.339638724758558
0.0
0.0
0.0
0.0
0.0
13.333787307749509
0.0
0.0
0.0
0.0
13.32278485116419
0.0
0.0
0.0
0.0
13.301391852751589
13.330584131816886
13.376319831958032
0.0
0.0
13.384835170320946
0.0
0.0
0.0
0.0
0.0
0.0
0.0
0.0
0.0
0.0
0.0
13.349393150646133
0.0
0.0
0.0
0.0
0.0
0.0
0.0
0.0
0.0
0.0
0.0
12.899091115166588
0.0
0.0
0.0
0.0
13.362190455151277
0.0
0.0
13.336550486187155
0.0
12.70537421064859
12.989059726145578
0.0
0.0
0.0
0.0
0.0
0.0
0.0
13.20867995892523
0.0
0.0
0.0
0.0
0.0
12.691515556431348
0.0
0.0
13.34688590178702
0.0
0.0
0.0
12.70539658584155
0.0
0.0
0.0
0.0
0.0
0.0
0.0
0.0
0.0
0.0
13.384615324863457
13.348970217535756
0.0
0.0
0.0
0.0
0.0
0.0
0.0
0.0
0.0
0.0
0.0
0.0
0.0
0.0
0.0
0.0
0.0
0.0
0.0
0.0
0.0
0.0
0.0
0.0
0.0
0.0
0.0
0.0
0.0
0.0
0.0
0.0
0.0
0.0
12.691514351246767
0.0
0.0
0.0
0.0
13.008646844519387
0.0
12.705385375909863
0.0
0.0
0.0
0.0
0.0
0.0
0.0
12.93499898006782
0.0
0.0
0.0
0.0
0.0
13.349550179983591
0.0
0.0
0.0
0.0
0.0
0.0
0.0
0.0
0.0
0.0
0.0
0.0
0.0
0.0
0.0
12.999507659743317
0.0
0.0
0.0
0.0
0.0
0.0
0.0
0.0
0.0
0.0
0.0
0.0
0.0
13.358160590599006
0.0
0.0
0.0
13.359041896827211
0.0
0.0
0.0
0.0
0.0
0.0
0.0
0.0
0.0
0.0
0.0
12.69150773672209
0.0
0.0
0.0
13.344729428858622
0.0
0.0
0.0
0.0
0.0
0.0
0.0
0.0
0.0
0.0
12.705367022779823
0.0
13.347455180887547
0.0
0.0
13.36952821012075
13.370960665816153
0.0
0.0
13.364353393315538
0.0
0.0
13.347964752717388
0.0
12.691510849934073
0.0
0.0
0.0
0.0
0.0
13.375319838497637
0.0
0.0
0.0
0.0
0.0
0.0
0.0
0.0
0.0
0.0
13.359331323979614
0.0
0.0
0.0
0.0
0.0
0.0
0.0
0.0
0.0
0.0
0.0
0.0
0.0
0.0
0.0
0.0
0.0
0.0
0.0
13.160509316096718
0.0
0.0
0.0
0.0
0.0
0.0
0.0
13.350632478070995
0.0
0.0
0.0
13.198065357740385
0.0
0.0
0.0
0.0
0.0
0.0
12.69151254503285
12.96829815893294
0.0
0.0
0.0
0.0
0.0
12.772816825737815
0.0
0.0
13.30539804238683
0.0
0.0
0.0
0.0
0.0
0.0
0.0
0.0
13.3497245021917
0.0
0.0
0.0
0.0
0.0
0.0
12.69150401082822
0.0
0.0
0.0
0.0
0.0
0.0
0.0
12.814603485148808
0.0
0.0
13.36381998890219
0.0
0.0
0.0
0.0
0.0
0.0
0.0
0.0
0.0
0.0
0.0
12.782545195739146
0.0
0.0
12.70538391339147
0.0
0.0
0.0
0.0
12.706048970322158
0.0
0.0
0.0
0.0
0.0
0.0
12.954575369009069
0.0
0.0
0.0
0.0
0.0
0.0
0.0
0.0
0.0
0.0
0.0
0.0
0.0
0.0
0.0
0.0
0.0
0.0
0.0
0.0
0.0
0.0
0.0
0.0
0.0
0.0
13.276177753513496
0.0
0.0
0.0
0.0
0.0
0.0
0.0
0.0
0.0
0.0
0.0
13.350639202933094
0.0
0.0
0.0
13.330850792595205
0.0
0.0
0.0
0.0
0.0
0.0
0.0
0.0
0.0
0.0
0.0
0.0
0.0
13.374547902640838
0.0
0.0
0.0
0.0
0.0
0.0
0.0
0.0
12.859035017570232
0.0
0.0
0.0
0.0
0.0
0.0
0.0
0.0
0.0
0.0
0.0
0.0
0.0
0.0
0.0
0.0
13.38438944646944
0.0
0.0
0.0
0.0
0.0
13.376511626471721
0.0
0.0
0.0
0.0
0.0
0.0
0.0
12.691491348525668
13.368515258326338
0.0
0.0
0.0
0.0
0.0
0.0
0.0
0.0
0.0
0.0
13.33249129224388
0.0
0.0
0.0
0.0
0.0
0.0
0.0
0.0
0.0
0.0
0.0
0.0
13.377514629120338
0.0
0.0
0.0
0.0
0.0
13.34560181212668
12.705373287555231
0.0
0.0
0.0
0.0
0.0
0.0
13.109034704239612
0.0
12.705371532680525
0.0
0.0
0.0
0.0
0.0
0.0
0.0
13.348660023689302
0.0
0.0
0.0
0.0
0.0
0.0
0.0
0.0
0.0
0.0
0.0
0.0
0.0
0.0
0.0
13.38463644023637
0.0
0.0
12.713163008261992
0.0
0.0
0.0
0.0
0.0
0.0
0.0
0.0
0.0
0.0
0.0
0.0
0.0
0.0
0.0
0.0
0.0
0.0
12.691516950647578
0.0
0.0
0.0
0.0
0.0
0.0
0.0
12.705393686680265
0.0
0.0
0.0
13.369337279816781
0.0
0.0
0.0
0.0
0.0
0.0
0.0
13.345054326901783
0.0
0.0
0.0
13.319756150517467
0.0
0.0
0.0
12.976549357465071
0.0
0.0
0.0
13.338170005396199
0.0
0.0
0.0
0.0
12.690859621034871
0.0
13.34894281338002
0.0
0.0
0.0
0.0
13.075260115815805
0.0
0.0
0.0
0.0
13.379866122736658
0.0
0.0
0.0
0.0
0.0
0.0
0.0
0.0
0.0
0.0
0.0
0.0
0.0
0.0
0.0
0.0
0.0
0.0
0.0
0.0
0.0
0.0
0.0
0.0
0.0
0.0
0.0
0.0
0.0
0.0
0.0
0.0
0.0
13.349788747606711
0.0
0.0
0.0
0.0
0.0
0.0
0.0
0.0
0.0
0.0
13.316081546510478
0.0
0.0
0.0
0.0
0.0
12.94357419717202
0.0
0.0
0.0
13.330737237031233
0.0
0.0
0.0
0.0
12.70605800785635
0.0
0.0
0.0
0.0
0.0
0.0
0.0
0.0
0.0
13.383415318821
0.0
13.33383297510866
0.0
0.0
0.0
0.0
0.0
0.0
0.0
0.0
0.0
0.0
0.0
0.0
0.0
0.0
0.0
0.0
0.0
0.0
0.0
12.6914977615221
0.0
0.0
0.0
0.0
0.0
0.0
0.0
0.0
0.0
0.0
0.0
0.0
0.0
0.0
0.0
0.0
12.774679728727884
0.0
0.0
0.0
0.0
0.0
0.0
0.0
0.0
0.0
0.0
13.325925882865738
0.0
0.0
0.0
0.0
13.357082145124856
12.705368162770865
0.0
0.0
0.0
12.691494253051486
0.0
0.0
0.0
0.0
12.691490591281472
0.0
0.0
0.0
13.378796351939828
0.0
0.0
0.0
0.0
0.0
0.0
0.0
0.0
12.691515983031634
0.0
0.0
0.0
0.0
0.0
0.0
0.0
0.0
0.0
0.0
13.359367648912478
0.0
0.0
0.0
0.0
0.0
0.0
0.0
13.36258819447956
0.0
0.0
0.0
0.0
0.0
0.0
0.0
0.0
0.0
0.0
0.0
0.0
0.0
0.0
0.0
0.0
13.358690712836509
0.0
13.361213099179093
0.0
0.0
0.0
0.0
0.0
0.0
0.0
13.256218501033782
0.0
0.0
0.0
0.0
0.0
0.0
0.0
0.0
0.0
0.0
0.0
0.0
0.0
0.0
0.0
0.0
0.0
0.0
0.0
0.0
0.0
0.0
0.0
0.0
13.35966235887493
0.0
0.0
0.0
0.0
13.278867546445575
0.0
0.0
0.0
0.0
0.0
0.0
0.0
0.0
13.347965450699515
0.0
0.0
0.0
0.0
13.356648138879748
0.0
0.0
0.0
0.0
0.0
0.0
0.0
13.36057272992804
0.0
0.0
0.0
13.358162869669734
0.0
0.0
0.0
0.0
0.0
0.0
0.0
0.0
0.0
0.0
0.0
0.0
0.0
0.0
0.0
0.0
0.0
13.163489902375913
0.0
0.0
0.0
0.0
0.0
0.0
0.0
0.0
0.0
0.0
0.0
0.0
0.0
0.0
0.0
0.0
0.0
0.0
0.0
0.0
0.0
12.691506911870443
0.0
0.0
0.0
0.0
0.0
0.0
0.0
0.0
0.0
0.0
0.0
0.0
0.0
0.0
0.0
0.0
0.0
0.0
0.0
0.0
0.0
0.0
0.0
0.0
0.0
0.0
0.0
0.0
0.0
0.0
13.359359097138379
0.0
0.0
0.0
12.975696474556184
0.0
0.0
0.0
13.348172390415108
0.0
0.0
0.0
0.0
12.939821117793514
0.0
0.0
0.0
0.0
0.0
0.0
12.706033898903353
0.0
0.0
0.0
0.0
0.0
0.0
0.0
0.0
13.268735506754892
0.0
13.355275663508378
0.0
0.0
0.0
0.0
0.0
0.0
0.0
0.0
12.691504196685854
0.0
0.0
0.0
0.0
0.0
0.0
0.0
0.0
0.0
0.0
0.0
0.0
0.0
0.0
0.0
0.0
13.349602297606117
0.0
0.0
0.0
0.0
0.0
0.0
0.0
0.0
0.0
0.0
0.0
0.0
0.0
0.0
0.0
12.691498887550884
13.341399325607
0.0
0.0
0.0
0.0
0.0
0.0
13.11006326330782
0.0
0.0
0.0
0.0
0.0
0.0
0.0
0.0
0.0
0.0
0.0
0.0
0.0
0.0
0.0
0.0
0.0
0.0
13.222269976917794
0.0
0.0
13.02077934443114
13.104242221804014
0.0
0.0
13.333109555452008
0.0
0.0
0.0
0.0
0.0
0.0
12.706052190383739
0.0
0.0
0.0
0.0
12.70323410560463
0.0
0.0
0.0
0.0
0.0
0.0
0.0
0.0
0.0
0.0
0.0
0.0
0.0
0.0
0.0
0.0
0.0
0.0
12.925371783417166
0.0
13.316425270520082
0.0
0.0
0.0
0.0
0.0
0.0
0.0
0.0
0.0
0.0
13.36068176292361
0.0
13.380124192355368
0.0
0.0
0.0
0.0
0.0
12.69149261319792
0.0
0.0
12.705386872672447
0.0
0.0
0.0
0.0
0.0
0.0
0.0
0.0
13.37734534318312
0.0
0.0
0.0
0.0
13.356939925059198
0.0
0.0
0.0
0.0
0.0
0.0
0.0
0.0
0.0
0.0
0.0
0.0
0.0
12.691494342337442
0.0
0.0
13.341374935243694
0.0
0.0
12.706044465808812
0.0
0.0
0.0
0.0
0.0
0.0
0.0
0.0
0.0
0.0
0.0
0.0
0.0
0.0
13.339262495977398
0.0
0.0
0.0
0.0
13.220791949630046
12.768963516467199
0.0
13.358592072054687
0.0
0.0
0.0
0.0
0.0
13.328269531964155
0.0
13.380104217509356
0.0
12.705366073151161
0.0
12.706051718950793
0.0
0.0
0.0
0.0
0.0
0.0
0.0
13.347892825202484
0.0
0.0
0.0
0.0
0.0
0.0
0.0
0.0
0.0
0.0
0.0
0.0
0.0
0.0
0.0
0.0
0.0
0.0
0.0
0.0
0.0
13.269077601844225
0.0
0.0
0.0
0.0
0.0
0.0
13.298557629294317
0.0
0.0
0.0
0.0
0.0
0.0
0.0
0.0
0.0
0.0
0.0
0.0
0.0
0.0
0.0
12.706048274743164
0.0
0.0
13.300918166407866
0.0
0.0
13.209973906883958
0.0
0.0
13.349179429006089
0.0
0.0
0.0
0.0
0.0
0.0
0.0
0.0
13.341619685800387
0.0
0.0
0.0
13.344210655605577
13.339345972046058
0.0
0.0
0.0
12.691493714497897
0.0
0.0
0.0
0.0
0.0
0.0
0.0
0.0
0.0
0.0
0.0
12.705401767169558
0.0
13.350855677623242
13.314846480218298
0.0
0.0
0.0
0.0
0.0
0.0
0.0
12.770703168672384
13.38473675317842
0.0
0.0
0.0
0.0
0.0
0.0
0.0
0.0
0.0
0.0
0.0
0.0
0.0
0.0
0.0
13.34813911257637
0.0
13.34802993620166
0.0
0.0
0.0
0.0
0.0
0.0
0.0
0.0
0.0
0.0
0.0
0.0
0.0
0.0
13.211025266198222
0.0
0.0
0.0
0.0
0.0
0.0
0.0
0.0
13.340028677962364
0.0
0.0
0.0
0.0
0.0
0.0
0.0
0.0
0.0
13.3283641824752
0.0
0.0
0.0
0.0
0.0
0.0
0.0
0.0
0.0
0.0
0.0
0.0
0.0
0.0
0.0
0.0
0.0
0.0
0.0
0.0
0.0
0.0
0.0
0.0
0.0
0.0
0.0
0.0
0.0
0.0
0.0
0.0
0.0
0.0
0.0
0.0
13.20623720028815
0.0
0.0
0.0
0.0
0.0
13.3544686255555
13.367146646553056
13.382985324318629
0.0
0.0
0.0
0.0
0.0
0.0
0.0
0.0
0.0
0.0
0.0
0.0
0.0
0.0
0.0
13.152431504430172
0.0
0.0
0.0
0.0
0.0
0.0
0.0
0.0
13.349864389823832
0.0
0.0
13.166940904836174
0.0
0.0
0.0
0.0
0.0
0.0
0.0
0.0
0.0
0.0
0.0
13.353313242172364
0.0
0.0
0.0
0.0
0.0
0.0
13.333712411806442
0.0
0.0
0.0
12.706021360642461
0.0
0.0
0.0
0.0
13.383036695638893
0.0
0.0
0.0
0.0
0.0
0.0
0.0
0.0
0.0
0.0
0.0
0.0
0.0
0.0
0.0
0.0
0.0
0.0
0.0
0.0
0.0
0.0
0.0
0.0
0.0
0.0
0.0
0.0
0.0
0.0
0.0
0.0
0.0
0.0
0.0
0.0
0.0
0.0
0.0
13.352900323874158
0.0
0.0
12.691492946121015
0.0
0.0
0.0
0.0
0.0
13.340011511016716
0.0
0.0
0.0
0.0
13.270644764509285
0.0
0.0
0.0
13.38088032863546
0.0
0.0
0.0
0.0
0.0
0.0
0.0
0.0
0.0
0.0
0.0
0.0
0.0
0.0
0.0
0.0
0.0
0.0
0.0
0.0
0.0
0.0
0.0
0.0
0.0
0.0
13.353563695988427
0.0
13.366992905087834
0.0
0.0
0.0
0.0
0.0
0.0
0.0
12.691509907296826
0.0
0.0
0.0
0.0
0.0
0.0
0.0
0.0
0.0
0.0
0.0
0.0
0.0
0.0
0.0
0.0
0.0
0.0
0.0
0.0
0.0
0.0
0.0
0.0
0.0
0.0
0.0
0.0
0.0
0.0
12.706065572389914
0.0
0.0
0.0
0.0
0.0
0.0
0.0
0.0
0.0
0.0
0.0
0.0
0.0
0.0
0.0
0.0
0.0
0.0
0.0
0.0
0.0
0.0
0.0
0.0
0.0
0.0
0.0
0.0
0.0
0.0
0.0
0.0
0.0
12.70599447001432
0.0
0.0
0.0
0.0
0.0
0.0
0.0
0.0
13.348461666135027
0.0
0.0
0.0
0.0
0.0
13.33428008042708
0.0
0.0
0.0
0.0
0.0
0.0
0.0
0.0
0.0
0.0
13.383245068476272
0.0
0.0
0.0
0.0
0.0
13.258525947676041
0.0
13.379864431204606
0.0
0.0
0.0
13.354642920326658
0.0
0.0
0.0
0.0
13.341624184011014
0.0
13.355793073586602
0.0
0.0
0.0
0.0
0.0
0.0
0.0
0.0
0.0
0.0
0.0
0.0
0.0
13.384804565595193
13.350882890550132
0.0
0.0
0.0
0.0
0.0
0.0
0.0
0.0
0.0
0.0
0.0
0.0
0.0
0.0
0.0
0.0
0.0
0.0
0.0
0.0
0.0
0.0
0.0
0.0
0.0
0.0
12.69151371729163
13.33593291776831
0.0
13.09541302894379
0.0
0.0
0.0
0.0
13.339531242444666
0.0
0.0
0.0
0.0
0.0
0.0
0.0
0.0
0.0
0.0
0.0
