0.0
0.0
0.0
0.0
0.0
0.0
0.0
0.0
0.0
0.0
0.0
0.0
12.712404846581968
0.0
0.0
0.0
0.0
0.0
0.0
12.265727125455754
0.0
0.0
0.0
0.0
0.0
0.0
0.0
0.0
0.0
0.0
12.508381194609578
0.0
0.0
0.0
0.0
12.808585325390979
0.0
0.0
0.0
12.45349971276615
0.0
0.0
0.0
0.0
0.0
0.0
0.0
12.855828909230588
12.245212916271097
12.878308706274115
0.0
0.0
0.0
0.0
0.0
0.0
0.0
0.0
0.0
0.0
0.0
0.0
0.0
0.0
0.0
0.0
0.0
0.0
0.0
0.0
0.0
12.401670273433163
0.0
0.0
12.658647441464147
0.0
0.0
0.0
12.862826303243928
0.0
0.0
0.0
0.0
0.0
0.0
0.0
0.0
0.0
0.0
0.0
0.0
0.0
0.0
0.0
0.0
0.0
0.0
0.0
0.0
0.0
0.0
0.0
0.0
0.0
0.0
0.0
0.0
0.0
12.393960958679347
0.0
0.0
0.0
0.0
0.0
0.0
0.0
0.0
0.0
0.0
0.0
0.0
0.0
0.0
0.0
0.0
12.805480481222915
0.0
0.0
0.0
0.0
0.0
0.0
0.0
0.0
0.0
0.0
0.0
0.0
0.0
0.0
0.0
0.0
0.0
0.0
0.0
0.0
0.0
0.0
0.0
0.0
0.0
0.0
0.0
0.0
0.0
0.0
0.0
0.0
0.0
0.0
0.0
0.0
0.0
0.0
12.227394784551723
0.0
0.0
0.0
0.0
0.0
0.0
0.0
0.0
0.0
0.0
0.0
0.0
0.0
0.0
0.0
0.0
0.0
12.673575429587574
0.0
0.0
0.0
0.0
0.0
0.0
0.0
0.0
0.0
12.610446900457669
0.0
0.0
0.0
0.0
0.0
0.0
0.0
0.0
0.0
0.0
0.0
0.0
0.0
12.236034063565597
0.0
0.0
0.0
0.0
0.0
0.0
0.0
0.0
0.0
0.0
0.0
0.0
0.0
0.0
12.839157683408567
0.0
0.0
0.0
0.0
0.0
0.0
0.0
0.0
0.0
0.0
0.0
0.0
0.0
0.0
0.0
12.738317012265881
0.0
0.0
0.0
0.0
0.0
0.0
0.0
0.0
0.0
0.0
0.0
0.0
0.0
0.0
0.0
0.0
0.0
12.844861947901839
0.0
0.0
0.0
12.209598519782809
0.0
0.0
0.0
0.0
0.0
0.0
0.0
0.0
0.0
12.62620400598173
12.801786604076327
0.0
12.008386244082617
0.0
0.0
0.0
0.0
12.821919780655303
0.0
0.0
0.0
0.0
0.0
0.0
12.668452128586845
0.0
0.0
0.0
0.0
0.0
0.0
0.0
12.761039416423952
0.0
0.0
12.422933992758985
0.0
0.0
12.894085764133465
0.0
0.0
0.0
0.0
12.76448751518701
0.0
0.0
0.0
0.0
0.0
12.720692308153067
0.0
0.0
12.48790462341805
0.0
12.834350879835855
0.0
0.0
0.0
0.0
0.0
0.0
0.0
0.0
0.0
0.0
12.904826636030744
0.0
0.0
0.0
0.0
0.0
0.0
0.0
12.599058448812757
0.0
0.0
0.0
0.0
0.0
0.0
0.0
0.0
0.0
0.0
0.0
0.0
0.0
0.0
0.0
0.0
0.0
0.0
0.0
0.0
0.0
0.0
0.0
0.0
0.0
0.0
0.0
0.0
0.0
0.0
0.0
0.0
0.0
0.0
0.0
0.0
0.0
0.0
0.0
12.637691617435834
0.0
0.0
0.0
0.0
0.0
0.0
0.0
0.0
0.0
0.0
0.0
0.0
0.0
0.0
0.0
0.0
0.0
0.0
0.0
0.0
12.282403524556939
0.0
0.0
0.0
0.0
0.0
0.0
0.0
0.0
0.0
0.0
0.0
0.0
0.0
0.0
12.934193505453376
0.0
0.0
12.165068076853256
0.0
0.0
0.0
0.0
0.0
0.0
0.0
0.0
0.0
0.0
0.0
0.0
0.0
0.0
0.0
0.0
0.0
0.0
12.014653553693812
0.0
0.0
0.0
0.0
0.0
0.0
0.0
0.0
0.0
0.0
12.892722148484934
0.0
0.0
0.0
0.0
0.0
0.0
0.0
0.0
0.0
0.0
0.0
0.0
0.0
0.0
12.739967617590185
0.0
0.0
0.0
12.799195338767221
0.0
0.0
0.0
0.0
0.0
0.0
0.0
0.0
0.0
0.0
0.0
0.0
0.0
0.0
0.0
0.0
0.0
0.0
0.0
0.0
0.0
12.597149648095145
0.0
0.0
0.0
0.0
0.0
0.0
0.0
0.0
0.0
0.0
12.888995586812428
0.0
0.0
0.0
0.0
0.0
0.0
0.0
0.0
0.0
0.0
0.0
0.0
0.0
0.0
0.0
0.0
0.0
12.877864527695158
0.0
0.0
0.0
0.0
0.0
0.0
0.0
0.0
0.0
0.0
0.0
0.0
0.0
0.0
0.0
0.0
0.0
0.0
0.0
0.0
0.0
0.0
0.0
0.0
0.0
0.0
0.0
0.0
12.816237854151572
0.0
0.0
0.0
0.0
0.0
0.0
0.0
12.677823580801622
0.0
0.0
0.0
0.0
0.0
11.959627990911825
0.0
0.0
0.0
0.0
0.0
0.0
0.0
0.0
0.0
0.0
0.0
0.0
0.0
0.0
0.0
0.0
0.0
12.314675614822757
0.0
0.0
0.0
0.0
0.0
0.0
0.0
0.0
0.0
0.0
0.0
0.0
0.0
0.0
0.0
12.75669565119735
0.0
0.0
0.0
0.0
0.0
12.692873264991238
0.0
0.0
0.0
0.0
0.0
0.0
0.0
0.0
0.0
0.0
0.0
0.0
0.0
0.0
0.0
0.0
0.0
0.0
0.0
0.0
0.0
0.0
11.967630883419254
0.0
12.661878678050474
0.0
0.0
0.0
0.0
0.0
0.0
0.0
0.0
0.0
0.0
0.0
0.0
0.0
0.0
0.0
0.0
0.0
0.0
0.0
0.0
0.0
0.0
0.0
0.0
0.0
0.0
0.0
0.0
12.911984132218075
0.0
0.0
12.5163695528565
12.883627985660853
0.0
0.0
0.0
12.868297489065712
0.0
0.0
0.0
0.0
0.0
0.0
0.0
0.0
0.0
0.0
0.0
12.171189151461279
12.55958545194153
0.0
0.0
0.0
12.692191300440872
0.0
0.0
0.0
0.0
0.0
0.0
0.0
0.0
0.0
0.0
0.0
0.0
12.837273754205127
12.670560491495472
0.0
0.0
12.699967260238417
0.0
12.733984678198864
0.0
12.860112776564627
12.833525201557256
0.0
0.0
0.0
0.0
0.0
0.0
0.0
0.0
0.0
0.0
0.0
0.0
0.0
0.0
0.0
0.0
0.0
0.0
0.0
0.0
0.0
12.930308318091678
0.0
0.0
0.0
0.0
0.0
0.0
0.0
0.0
0.0
0.0
0.0
0.0
0.0
0.0
0.0
12.396706185050311
0.0
12.682791268366982
0.0
0.0
12.883548704160253
0.0
0.0
0.0
0.0
0.0
0.0
0.0
0.0
0.0
12.603936986953316
12.887472756013125
0.0
0.0
0.0
0.0
0.0
0.0
0.0
0.0
0.0
0.0
0.0
0.0
0.0
0.0
0.0
0.0
0.0
0.0
0.0
0.0
0.0
0.0
0.0
0.0
0.0
0.0
0.0
0.0
0.0
0.0
0.0
0.0
0.0
0.0
0.0
0.0
0.0
0.0
12.447032848063163
0.0
12.442970088601058
0.0
0.0
0.0
0.0
0.0
0.0
0.0
0.0
0.0
0.0
0.0
0.0
0.0
12.696757760403548
0.0
0.0
0.0
0.0
0.0
0.0
0.0
0.0
12.329350067406894
0.0
0.0
12.914102999728984
12.8442511287155
0.0
0.0
0.0
0.0
0.0
0.0
0.0
0.0
0.0
12.837458491732647
12.770911513908297
0.0
0.0
0.0
0.0
0.0
0.0
0.0
0.0
0.0
0.0
0.0
0.0
0.0
0.0
0.0
0.0
0.0
0.0
0.0
0.0
0.0
0.0
0.0
12.89102879309897
0.0
0.0
0.0
0.0
0.0
0.0
0.0
0.0
0.0
0.0
0.0
0.0
0.0
0.0
12.508545171989658
0.0
0.0
0.0
0.0
0.0
0.0
0.0
0.0
0.0
0.0
0.0
0.0
0.0
0.0
0.0
0.0
0.0
0.0
0.0
12.815831739104457
0.0
0.0
12.811632752987476
0.0
0.0
0.0
0.0
0.0
0.0
0.0
0.0
0.0
0.0
0.0
0.0
0.0
0.0
0.0
0.0
0.0
0.0
0.0
12.386023891699258
0.0
12.234159326791515
0.0
0.0
0.0
0.0
0.0
0.0
0.0
0.0
0.0
0.0
0.0
0.0
0.0
0.0
12.900362389617992
0.0
0.0
0.0
12.697684267949619
0.0
0.0
12.9318882249995
0.0
0.0
0.0
0.0
0.0
0.0
0.0
0.0
12.808023232417966
0.0
0.0
0.0
0.0
0.0
0.0
0.0
0.0
0.0
0.0
0.0
0.0
0.0
0.0
0.0
12.587062564048491
0.0
0.0
0.0
0.0
0.0
0.0
0.0
0.0
0.0
0.0
0.0
0.0
0.0
0.0
0.0
0.0
12.592603428294217
0.0
0.0
12.157139093285315
0.0
0.0
0.0
0.0
0.0
0.0
0.0
0.0
0.0
0.0
0.0
0.0
0.0
0.0
12.91904274247424
0.0
0.0
0.0
12.918938089982266
0.0
0.0
0.0
0.0
0.0
0.0
0.0
0.0
0.0
0.0
0.0
0.0
0.0
0.0
0.0
0.0
0.0
0.0
0.0
0.0
0.0
0.0
0.0
0.0
0.0
0.0
0.0
0.0
0.0
0.0
0.0
0.0
0.0
0.0
0.0
0.0
0.0
0.0
0.0
12.886836669261934
0.0
0.0
0.0
0.0
0.0
0.0
0.0
0.0
0.0
0.0
0.0
0.0
0.0
0.0
0.0
0.0
0.0
0.0
0.0
0.0
0.0
0.0
0.0
0.0
0.0
0.0
0.0
0.0
0.0
0.0
0.0
0.0
0.0
0.0
0.0
0.0
0.0
0.0
0.0
0.0
12.66371750395633
0.0
0.0
0.0
0.0
0.0
0.0
0.0
0.0
0.0
0.0
0.0
0.0
0.0
0.0
0.0
0.0
0.0
0.0
0.0
0.0
0.0
0.0
0.0
0.0
0.0
12.876010564122648
12.46132344194689
0.0
0.0
0.0
0.0
12.773862905817863
0.0
0.0
0.0
0.0
0.0
0.0
0.0
0.0
0.0
12.656620804530656
0.0
0.0
0.0
0.0
0.0
0.0
0.0
0.0
0.0
0.0
0.0
0.0
12.602268797851536
0.0
0.0
0.0
0.0
12.223483469125474
0.0
0.0
0.0
0.0
0.0
0.0
0.0
0.0
0.0
0.0
0.0
0.0
0.0
12.367718626985496
0.0
12.577197754051785
0.0
0.0
0.0
0.0
0.0
0.0
12.6425626952938
0.0
0.0
0.0
0.0
0.0
0.0
0.0
0.0
0.0
0.0
0.0
0.0
0.0
0.0
0.0
0.0
0.0
0.0
0.0
0.0
0.0
0.0
0.0
0.0
0.0
0.0
0.0
0.0
0.0
0.0
0.0
0.0
0.0
0.0
0.0
0.0
0.0
0.0
0.0
0.0
0.0
0.0
0.0
0.0
0.0
0.0
0.0
0.0
0.0
0.0
0.0
0.0
0.0
0.0
0.0
0.0
0.0
0.0
0.0
0.0
0.0
0.0
0.0
0.0
0.0
0.0
0.0
0.0
0.0
0.0
12.529644937412174
0.0
12.937603766413574
0.0
0.0
12.504037762175503
0.0
0.0
0.0
0.0
0.0
12.454684411029758
0.0
0.0
0.0
12.309802837387418
0.0
0.0
0.0
0.0
0.0
0.0
0.0
0.0
0.0
0.0
0.0
0.0
0.0
0.0
0.0
0.0
0.0
0.0
0.0
0.0
0.0
0.0
0.0
0.0
0.0
0.0
0.0
0.0
0.0
0.0
0.0
0.0
0.0
0.0
0.0
0.0
0.0
0.0
0.0
0.0
0.0
0.0
0.0
0.0
0.0
0.0
0.0
0.0
12.637035569556009
0.0
0.0
12.635214928281284
0.0
0.0
0.0
0.0
12.008869465802618
0.0
0.0
0.0
0.0
0.0
0.0
0.0
0.0
0.0
0.0
0.0
12.799945305939795
0.0
0.0
0.0
0.0
0.0
0.0
0.0
0.0
0.0
0.0
12.386554479729261
12.517623591044803
0.0
0.0
0.0
0.0
0.0
0.0
0.0
0.0
0.0
0.0
0.0
0.0
0.0
0.0
0.0
0.0
0.0
0.0
12.904198232278308
0.0
0.0
0.0
0.0
12.733169830676243
0.0
12.391792498323918
0.0
0.0
0.0
0.0
0.0
0.0
0.0
0.0
0.0
0.0
0.0
12.31777693971701
0.0
0.0
0.0
0.0
0.0
0.0
0.0
0.0
12.82527050418948
0.0
0.0
0.0
0.0
0.0
0.0
0.0
0.0
0.0
0.0
0.0
0.0
0.0
0.0
12.854635297730297
0.0
0.0
12.58298453631369
0.0
0.0
0.0
0.0
0.0
0.0
0.0
0.0
0.0
0.0
0.0
0.0
0.0
12.809515637746408
0.0
0.0
0.0
12.554302035125325
0.0
0.0
12.608067396956745
0.0
0.0
0.0
0.0
0.0
0.0
0.0
0.0
0.0
12.481082921700228
0.0
0.0
0.0
0.0
0.0
0.0
0.0
0.0
0.0
0.0
0.0
0.0
0.0
0.0
0.0
0.0
12.73786617349516
0.0
0.0
0.0
0.0
0.0
0.0
0.0
0.0
0.0
12.828926766729252
0.0
0.0
0.0
0.0
0.0
0.0
0.0
12.860555292428977
0.0
0.0
0.0
0.0
0.0
0.0
0.0
0.0
0.0
0.0
0.0
12.945522920141986
0.0
0.0
0.0
0.0
0.0
0.0
0.0
0.0
0.0
0.0
0.0
0.0
0.0
0.0
0.0
0.0
0.0
0.0
0.0
0.0
0.0
0.0
12.899207206029969
0.0
0.0
0.0
12.851356061119619
0.0
0.0
0.0
0.0
0.0
0.0
0.0
0.0
0.0
0.0
0.0
0.0
0.0
0.0
0.0
0.0
0.0
0.0
0.0
0.0
12.593312432893919
0.0
0.0
0.0
0.0
0.0
0.0
0.0
0.0
0.0
0.0
0.0
0.0
0.0
0.0
0.0
0.0
0.0
0.0
0.0
0.0
0.0
0.0
0.0
0.0
0.0
0.0
0.0
0.0
0.0
0.0
0.0
12.598879570475212
0.0
0.0
0.0
0.0
0.0
0.0
0.0
0.0
0.0
0.0
0.0
0.0
0.0
0.0
0.0
0.0
0.0
0.0
0.0
0.0
0.0
0.0
0.0
0.0
12.780292791646058
0.0
0.0
0.0
0.0
0.0
0.0
0.0
0.0
0.0
0.0
0.0
0.0
12.844875668080899
0.0
0.0
0.0
0.0
0.0
0.0
0.0
0.0
0.0
0.0
0.0
0.0
12.853021728758204
0.0
0.0
0.0
0.0
0.0
0.0
0.0
0.0
0.0
0.0
0.0
0.0
0.0
0.0
12.662175293934448
0.0
0.0
0.0
0.0
0.0
0.0
0.0
0.0
0.0
12.771322309960658
12.656880812854688
0.0
0.0
0.0
0.0
0.0
0.0
0.0
0.0
0.0
0.0
0.0
0.0
0.0
0.0
0.0
0.0
0.0
0.0
0.0
0.0
0.0
0.0
0.0
0.0
0.0
12.698564203796941
0.0
0.0
0.0
0.0
0.0
12.747613089948782
0.0
0.0
0.0
0.0
0.0
0.0
0.0
0.0
0.0
0.0
0.0
0.0
0.0
0.0
0.0
0.0
0.0
0.0
0.0
0.0
12.845989441982756
0.0
0.0
0.0
0.0
0.0
0.0
0.0
0.0
12.58069074620928
12.863817642332513
0.0
0.0
0.0
0.0
0.0
0.0
12.807370569740696
0.0
0.0
0.0
0.0
0.0
0.0
0.0
0.0
0.0
0.0
0.0
0.0
0.0
0.0
12.91975962020797
0.0
0.0
0.0
0.0
0.0
0.0
0.0
0.0
0.0
0.0
0.0
0.0
0.0
0.0
0.0
0.0
0.0
0.0
0.0
0.0
0.0
0.0
0.0
0.0
0.0
0.0
0.0
0.0
0.0
0.0
0.0
0.0
0.0
0.0
0.0
12.729663587370974
0.0
0.0
0.0
12.90405596060026
0.0
0.0
12.823428455810607
12.862956024781003
0.0
0.0
0.0
0.0
0.0
0.0
0.0
0.0
0.0
0.0
0.0
0.0
0.0
0.0
0.0
0.0
0.0
0.0
0.0
0.0
0.0
0.0
12.656259114528217
0.0
0.0
0.0
0.0
0.0
0.0
0.0
0.0
0.0
12.855550987975423
0.0
0.0
12.80864326272316
0.0
0.0
0.0
0.0
0.0
12.832941268548684
0.0
0.0
0.0
12.85377618319204
12.230893336669713
0.0
12.910253317884617
0.0
0.0
12.361290181011878
0.0
0.0
0.0
0.0
0.0
0.0
0.0
0.0
0.0
0.0
0.0
0.0
0.0
0.0
0.0
0.0
0.0
0.0
0.0
0.0
0.0
0.0
0.0
0.0
0.0
0.0
0.0
0.0
0.0
0.0
0.0
0.0
0.0
0.0
0.0
0.0
0.0
0.0
0.0
0.0
0.0
0.0
0.0
0.0
0.0
0.0
0.0
0.0
0.0
0.0
0.0
0.0
0.0
0.0
0.0
0.0
0.0
0.0
12.546553256862474
0.0
0.0
12.795882764646198
0.0
0.0
0.0
0.0
0.0
0.0
0.0
0.0
0.0
0.0
0.0
0.0
0.0
0.0
0.0
0.0
12.910482129649381
0.0
0.0
0.0
0.0
0.0
0.0
0.0
12.293628648385912
0.0
0.0
0.0
0.0
0.0
0.0
0.0
0.0
0.0
12.829178322287708
0.0
0.0
0.0
0.0
0.0
0.0
0.0
0.0
0.0
12.65302315568169
0.0
0.0
0.0
0.0
0.0
0.0
0.0
12.365959237653176
0.0
0.0
0.0
0.0
0.0
0.0
0.0
0.0
0.0
0.0
0.0
0.0
0.0
0.0
0.0
12.741088574060141
0.0
0.0
0.0
0.0
0.0
0.0
0.0
0.0
0.0
0.0
0.0
0.0
0.0
0.0
0.0
0.0
0.0
0.0
0.0
0.0
0.0
0.0
0.0
0.0
0.0
0.0
0.0
0.0
0.0
0.0
0.0
0.0
0.0
0.0
0.0
0.0
0.0
0.0
0.0
12.50756565687952
0.0
0.0
0.0
12.825743683765774
0.0
0.0
0.0
0.0
0.0
0.0
12.410378079215592
0.0
0.0
0.0
12.75662342160394
0.0
0.0
0.0
0.0
0.0
0.0
0.0
0.0
0.0
0.0
0.0
12.400895530850022
0.0
0.0
0.0
0.0
0.0
0.0
0.0
0.0
0.0
0.0
0.0
0.0
0.0
0.0
0.0
0.0
0.0
0.0
0.0
0.0
0.0
0.0
0.0
0.0
12.831803763325494
0.0
0.0
0.0
0.0
0.0
0.0
0.0
0.0
0.0
0.0
0.0
0.0
12.657207496285274
0.0
0.0
0.0
0.0
0.0
0.0
0.0
0.0
0.0
0.0
0.0
0.0
0.0
0.0
0.0
0.0
0.0
12.913000939134484
0.0
0.0
0.0
0.0
0.0
12.758085915879462
0.0
0.0
0.0
0.0
0.0
0.0
0.0
0.0
0.0
0.0
0.0
0.0
0.0
0.0
0.0
0.0
0.0
0.0
0.0
0.0
0.0
12.709647102117183
0.0
0.0
0.0
0.0
0.0
0.0
0.0
0.0
0.0
0.0
12.622642886284147
0.0
0.0
0.0
0.0
0.0
12.842803248520605
0.0
0.0
0.0
0.0
0.0
0.0
0.0
0.0
0.0
0.0
0.0
0.0
0.0
0.0
0.0
12.763356697428375
0.0
0.0
0.0
0.0
0.0
0.0
12.606175181814411
0.0
0.0
0.0
0.0
0.0
0.0
0.0
0.0
0.0
12.756606453099604
0.0
0.0
0.0
0.0
0.0
0.0
12.551868164610239
0.0
0.0
0.0
0.0
0.0
0.0
0.0
0.0
0.0
0.0
12.851991939947512
0.0
0.0
12.928219790669436
0.0
0.0
0.0
12.863592901824491
0.0
0.0
0.0
0.0
0.0
0.0
0.0
0.0
0.0
0.0
0.0
12.561061402938902
0.0
0.0
0.0
0.0
0.0
0.0
0.0
0.0
0.0
0.0
0.0
0.0
0.0
0.0
0.0
0.0
0.0
12.875878942813626
0.0
0.0
0.0
0.0
0.0
0.0
0.0
0.0
0.0
0.0
0.0
0.0
0.0
0.0
0.0
0.0
0.0
0.0
0.0
0.0
0.0
0.0
12.762045721594957
0.0
0.0
0.0
0.0
0.0
0.0
0.0
0.0
0.0
0.0
0.0
0.0
0.0
0.0
0.0
0.0
0.0
0.0
0.0
0.0
0.0
12.236228106315357
0.0
0.0
0.0
0.0
0.0
0.0
0.0
0.0
0.0
0.0
12.7659288849953
0.0
0.0
0.0
0.0
12.505959338042613
0.0
0.0
0.0
12.845984703583241
0.0
0.0
12.66618717293933
0.0
0.0
0.0
0.0
0.0
0.0
0.0
12.695234923771682
0.0
0.0
0.0
0.0
0.0
0.0
0.0
0.0
0.0
0.0
0.0
0.0
0.0
0.0
0.0
0.0
0.0
0.0
0.0
0.0
0.0
0.0
0.0
0.0
0.0
0.0
0.0
0.0
0.0
0.0
0.0
0.0
0.0
0.0
12.49821051096773
0.0
0.0
0.0
0.0
0.0
0.0
0.0
0.0
0.0
0.0
0.0
0.0
12.707691085636489
0.0
0.0
0.0
12.534413913519767
0.0
0.0
0.0
0.0
0.0
12.392739268474102
0.0
0.0
0.0
0.0
0.0
0.0
0.0
0.0
0.0
0.0
0.0
0.0
12.58351723317496
0.0
0.0
0.0
0.0
0.0
0.0
12.885333776021188
12.826387970067412
12.55207288598369
0.0
0.0
12.872246447084201
0.0
12.410453568729363
0.0
0.0
0.0
0.0
0.0
0.0
0.0
0.0
0.0
0.0
0.0
0.0
0.0
0.0
0.0
0.0
0.0
0.0
0.0
0.0
0.0
0.0
0.0
0.0
0.0
0.0
0.0
0.0
12.62085961449762
0.0
0.0
0.0
0.0
0.0
0.0
0.0
0.0
0.0
0.0
0.0
0.0
0.0
0.0
0.0
0.0
0.0
0.0
0.0
0.0
0.0
0.0
12.28029871526012
0.0
0.0
0.0
0.0
0.0
0.0
0.0
0.0
0.0
0.0
0.0
0.0
0.0
0.0
0.0
0.0
0.0
0.0
12.601801658648615
12.809091466754781
0.0
0.0
0.0
12.810528491816326
0.0
0.0
0.0
12.873313028620311
12.521493454435241
0.0
0.0
0.0
0.0
0.0
0.0
0.0
0.0
12.86278252627228
0.0
0.0
12.556467498370488
0.0
0.0
0.0
0.0
0.0
0.0
0.0
0.0
0.0
0.0
0.0
0.0
0.0
0.0
0.0
0.0
0.0
0.0
0.0
0.0
0.0
0.0
12.363641536997818
0.0
0.0
0.0
0.0
0.0
0.0
0.0
12.75136448684871
0.0
0.0
0.0
0.0
0.0
0.0
0.0
0.0
0.0
0.0
0.0
0.0
0.0
0.0
0.0
0.0
12.800486751370306
0.0
0.0
0.0
0.0
0.0
0.0
0.0
0.0
0.0
0.0
0.0
0.0
0.0
0.0
0.0
12.759316284427236
0.0
0.0
0.0
0.0
0.0
0.0
0.0
0.0
0.0
0.0
0.0
0.0
0.0
0.0
12.865584363115708
0.0
0.0
0.0
0.0
0.0
0.0
0.0
0.0
0.0
0.0
0.0
0.0
0.0
12.682915399953952
12.507456643023074
0.0
0.0
0.0
0.0
0.0
0.0
0.0
0.0
0.0
0.0
0.0
0.0
0.0
0.0
0.0
12.56389586009151
0.0
12.67537557666844
0.0
0.0
0.0
12.851881964300164
0.0
0.0
12.417271185104171
12.47249799700162
0.0
0.0
0.0
12.609491206896035
0.0
0.0
0.0
0.0
0.0
12.801021513999217
0.0
0.0
0.0
0.0
12.796896583132314
0.0
0.0
0.0
12.748711445396989
0.0
0.0
0.0
0.0
0.0
0.0
0.0
0.0
0.0
0.0
0.0
0.0
0.0
12.700456364790407
12.664077293656401
0.0
0.0
0.0
0.0
0.0
0.0
0.0
0.0
0.0
0.0
0.0
0.0
0.0
0.0
0.0
0.0
0.0
0.0
0.0
0.0
0.0
0.0
0.0
12.581618186926729
0.0
0.0
0.0
0.0
0.0
0.0
0.0
0.0
0.0
0.0
0.0
0.0
0.0
0.0
0.0
0.0
0.0
0.0
0.0
0.0
0.0
12.84830385590913
0.0
0.0
0.0
0.0
0.0
0.0
0.0
0.0
0.0
0.0
0.0
0.0
0.0
0.0
0.0
0.0
0.0
0.0
0.0
0.0
0.0
0.0
0.0
0.0
0.0
0.0
0.0
0.0
0.0
0.0
12.84955581320524
0.0
0.0
0.0
0.0
0.0
0.0
0.0
0.0
0.0
0.0
0.0
0.0
0.0
0.0
0.0
0.0
12.824850929341416
0.0
12.672343890245179
0.0
0.0
0.0
0.0
0.0
0.0
0.0
0.0
0.0
0.0
0.0
0.0
0.0
0.0
0.0
0.0
0.0
0.0
0.0
0.0
0.0
0.0
0.0
0.0
0.0
0.0
0.0
0.0
0.0
0.0
0.0
0.0
0.0
0.0
0.0
0.0
0.0
0.0
0.0
0.0
0.0
0.0
0.0
0.0
0.0
0.0
0.0
0.0
0.0
0.0
0.0
12.481315781049144
0.0
0.0
0.0
0.0
0.0
0.0
0.0
0.0
0.0
0.0
0.0
0.0
0.0
0.0
0.0
0.0
0.0
12.554130736282254
0.0
0.0
0.0
0.0
0.0
0.0
0.0
0.0
0.0
0.0
0.0
0.0
0.0
0.0
0.0
0.0
0.0
0.0
0.0
0.0
0.0
0.0
0.0
0.0
0.0
0.0
0.0
0.0
0.0
0.0
0.0
0.0
0.0
0.0
0.0
0.0
0.0
0.0
0.0
0.0
0.0
0.0
0.0
0.0
0.0
0.0
0.0
0.0
12.613077905922362
0.0
0.0
0.0
0.0
0.0
12.647232003891915
0.0
12.673315140224043
0.0
0.0
0.0
0.0
0.0
0.0
12.919068539786872
0.0
0.0
0.0
0.0
0.0
0.0
0.0
0.0
0.0
0.0
0.0
0.0
0.0
0.0
12.578797227755361
0.0
0.0
12.841319500705668
0.0
0.0
0.0
0.0
0.0
12.529610221966049
0.0
0.0
0.0
0.0
0.0
0.0
0.0
0.0
0.0
0.0
0.0
0.0
0.0
0.0
0.0
0.0
0.0
0.0
0.0
0.0
12.875816406204917
0.0
0.0
0.0
0.0
0.0
0.0
0.0
0.0
0.0
0.0
0.0
0.0
0.0
0.0
12.733636256352414
0.0
0.0
0.0
12.951470022905905
0.0
0.0
0.0
0.0
0.0
0.0
0.0
0.0
0.0
0.0
0.0
0.0
0.0
0.0
0.0
0.0
0.0
0.0
0.0
0.0
0.0
12.9105994130647
12.788368005496045
0.0
0.0
0.0
12.811057274242946
0.0
0.0
0.0
0.0
0.0
0.0
0.0
0.0
0.0
0.0
0.0
0.0
0.0
0.0
0.0
0.0
0.0
0.0
0.0
12.211324634869776
0.0
0.0
0.0
0.0
0.0
0.0
0.0
12.754919528487097
0.0
0.0
0.0
0.0
0.0
12.281859420896991
0.0
0.0
0.0
0.0
0.0
0.0
0.0
0.0
0.0
0.0
0.0
0.0
0.0
0.0
0.0
0.0
0.0
0.0
0.0
0.0
0.0
12.893116194295057
0.0
0.0
0.0
0.0
0.0
0.0
0.0
0.0
0.0
0.0
0.0
0.0
0.0
0.0
12.76290278665443
0.0
0.0
0.0
0.0
0.0
0.0
0.0
0.0
0.0
0.0
0.0
0.0
0.0
0.0
0.0
0.0
0.0
12.198128281015991
0.0
0.0
0.0
0.0
0.0
0.0
0.0
0.0
0.0
0.0
0.0
0.0
0.0
0.0
0.0
0.0
0.0
0.0
0.0
0.0
0.0
12.917773180572427
0.0
0.0
0.0
0.0
0.0
0.0
0.0
0.0
0.0
0.0
0.0
0.0
0.0
0.0
0.0
0.0
0.0
12.568867251032964
0.0
0.0
0.0
0.0
0.0
0.0
0.0
0.0
0.0
0.0
0.0
0.0
0.0
0.0
0.0
0.0
0.0
0.0
0.0
0.0
0.0
0.0
0.0
12.831119416024563
0.0
0.0
0.0
0.0
0.0
0.0
0.0
0.0
0.0
12.53615517934631
12.94822415540202
0.0
0.0
0.0
0.0
0.0
0.0
0.0
0.0
0.0
12.775543954349368
0.0
0.0
0.0
0.0
0.0
0.0
0.0
0.0
0.0
0.0
0.0
0.0
0.0
0.0
0.0
0.0
0.0
0.0
12.640585103057619
0.0
0.0
0.0
0.0
0.0
0.0
0.0
0.0
0.0
0.0
0.0
0.0
0.0
0.0
0.0
0.0
0.0
0.0
0.0
0.0
0.0
0.0
0.0
0.0
0.0
0.0
0.0
0.0
0.0
0.0
0.0
0.0
0.0
0.0
0.0
0.0
0.0
0.0
0.0
0.0
0.0
0.0
0.0
12.912772373095171
0.0
0.0
0.0
0.0
12.192613916301681
0.0
0.0
0.0
0.0
0.0
0.0
0.0
0.0
0.0
0.0
0.0
0.0
0.0
0.0
12.773960297458066
12.37075049917371
0.0
12.687490321121047
0.0
0.0
0.0
0.0
0.0
0.0
11.735641025860575
0.0
0.0
0.0
0.0
12.64465957248452
12.59206882877618
0.0
0.0
0.0
0.0
0.0
0.0
0.0
0.0
0.0
0.0
0.0
0.0
0.0
0.0
12.62070733132528
0.0
0.0
0.0
12.337348648340818
0.0
0.0
0.0
0.0
0.0
0.0
0.0
0.0
0.0
0.0
0.0
12.88142305894208
0.0
0.0
0.0
0.0
0.0
0.0
12.251116157744466
0.0
0.0
0.0
0.0
0.0
0.0
0.0
0.0
0.0
12.637133219066499
0.0
0.0
0.0
0.0
0.0
0.0
0.0
0.0
0.0
0.0
0.0
0.0
0.0
0.0
0.0
0.0
0.0
0.0
0.0
0.0
0.0
0.0
0.0
0.0
12.435474147440729
0.0
0.0
0.0
0.0
12.52370396589189
0.0
0.0
12.396195307664996
0.0
0.0
0.0
0.0
12.816723623627318
0.0
0.0
0.0
0.0
0.0
0.0
0.0
0.0
0.0
0.0
0.0
0.0
0.0
0.0
0.0
0.0
0.0
0.0
0.0
12.869250753051041
0.0
0.0
0.0
0.0
0.0
12.839605404112435
0.0
0.0
0.0
0.0
0.0
0.0
0.0
0.0
0.0
0.0
0.0
0.0
0.0
0.0
0.0
0.0
0.0
0.0
0.0
0.0
12.096277011054074
0.0
0.0
0.0
0.0
0.0
0.0
0.0
0.0
0.0
0.0
0.0
0.0
0.0
0.0
0.0
0.0
0.0
0.0
0.0
12.479243685425574
12.768331967788349
0.0
0.0
0.0
0.0
0.0
0.0
0.0
0.0
0.0
0.0
0.0
0.0
0.0
0.0
0.0
0.0
12.909268966217429
0.0
12.37013615198449
0.0
0.0
0.0
0.0
0.0
0.0
0.0
0.0
0.0
0.0
12.693864104556981
0.0
0.0
0.0
0.0
0.0
0.0
0.0
0.0
12.665064115941128
0.0
0.0
0.0
0.0
0.0
0.0
0.0
0.0
0.0
0.0
0.0
0.0
0.0
0.0
0.0
0.0
0.0
0.0
0.0
0.0
0.0
0.0
0.0
0.0
0.0
0.0
0.0
0.0
12.917195150670478
0.0
0.0
0.0
0.0
0.0
0.0
0.0
0.0
12.58470214216322
0.0
0.0
0.0
0.0
0.0
0.0
0.0
0.0
0.0
12.731763503688628
0.0
0.0
0.0
0.0
0.0
0.0
0.0
0.0
0.0
12.839399178937304
0.0
0.0
0.0
12.925463267941042
0.0
0.0
0.0
0.0
0.0
0.0
0.0
0.0
0.0
0.0
0.0
0.0
0.0
0.0
0.0
0.0
0.0
0.0
0.0
0.0
0.0
0.0
0.0
0.0
0.0
0.0
0.0
0.0
0.0
0.0
0.0
0.0
0.0
0.0
0.0
0.0
0.0
0.0
0.0
0.0
0.0
0.0
0.0
0.0
0.0
0.0
0.0
0.0
0.0
0.0
0.0
0.0
0.0
0.0
0.0
0.0
0.0
0.0
0.0
12.825124566253892
0.0
0.0
0.0
0.0
0.0
0.0
0.0
0.0
12.486609125518228
0.0
0.0
12.77947709665703
0.0
0.0
0.0
0.0
0.0
0.0
0.0
12.936436901737006
0.0
0.0
0.0
0.0
0.0
12.874154785945823
0.0
0.0
0.0
0.0
0.0
0.0
0.0
0.0
0.0
0.0
0.0
0.0
0.0
12.542969921215516
0.0
0.0
0.0
0.0
12.882578207152577
0.0
0.0
12.668633755998304
0.0
0.0
0.0
0.0
0.0
0.0
0.0
0.0
0.0
0.0
0.0
0.0
0.0
0.0
0.0
0.0
0.0
0.0
0.0
0.0
0.0
0.0
0.0
0.0
0.0
0.0
0.0
0.0
12.920151902313117
0.0
0.0
0.0
0.0
0.0
12.403985496884145
0.0
0.0
0.0
12.926217000420063
0.0
0.0
0.0
0.0
0.0
0.0
0.0
0.0
0.0
12.670007940099536
0.0
12.59582527063109
0.0
0.0
12.505558736859946
0.0
0.0
0.0
0.0
0.0
0.0
0.0
0.0
0.0
0.0
0.0
0.0
0.0
0.0
0.0
0.0
0.0
0.0
0.0
12.759545307799558
0.0
0.0
0.0
0.0
0.0
0.0
0.0
0.0
0.0
0.0
0.0
0.0
12.479589455043836
0.0
0.0
0.0
0.0
0.0
0.0
0.0
0.0
0.0
0.0
0.0
0.0
0.0
12.792122859186614
0.0
0.0
0.0
0.0
0.0
0.0
0.0
0.0
0.0
0.0
0.0
0.0
0.0
12.364722706808372
0.0
0.0
0.0
0.0
0.0
0.0
0.0
0.0
0.0
0.0
0.0
0.0
0.0
0.0
0.0
0.0
0.0
0.0
0.0
0.0
0.0
12.448715816034285
12.420193386370535
0.0
0.0
0.0
0.0
0.0
0.0
0.0
0.0
0.0
0.0
0.0
0.0
0.0
0.0
0.0
0.0
0.0
0.0
0.0
0.0
0.0
0.0
0.0
0.0
0.0
0.0
0.0
0.0
0.0
0.0
0.0
0.0
0.0
0.0
0.0
0.0
0.0
0.0
0.0
0.0
0.0
0.0
0.0
0.0
12.749337056663697
0.0
0.0
0.0
0.0
0.0
0.0
0.0
0.0
0.0
0.0
0.0
0.0
0.0
0.0
0.0
12.886370196223242
0.0
0.0
0.0
0.0
0.0
0.0
0.0
0.0
0.0
0.0
0.0
0.0
0.0
0.0
0.0
0.0
0.0
0.0
0.0
12.886089701166782
0.0
0.0
0.0
0.0
0.0
0.0
0.0
0.0
0.0
0.0
0.0
0.0
0.0
0.0
0.0
0.0
0.0
0.0
0.0
0.0
0.0
0.0
0.0
12.903292404731019
0.0
12.886904204245122
12.863298818097146
0.0
0.0
12.721846331356156
0.0
0.0
0.0
0.0
0.0
0.0
0.0
0.0
0.0
0.0
0.0
0.0
0.0
0.0
0.0
0.0
0.0
0.0
0.0
0.0
0.0
0.0
0.0
0.0
0.0
0.0
0.0
0.0
0.0
0.0
0.0
0.0
0.0
0.0
0.0
0.0
0.0
0.0
0.0
0.0
0.0
0.0
0.0
0.0
0.0
0.0
0.0
12.566391381942873
0.0
0.0
0.0
0.0
0.0
0.0
0.0
12.088144145795493
0.0
0.0
12.210438968964416
0.0
0.0
0.0
0.0
0.0
0.0
0.0
0.0
0.0
0.0
0.0
11.85514256068862
0.0
0.0
12.851849865661006
0.0
0.0
0.0
0.0
0.0
0.0
0.0
0.0
0.0
0.0
0.0
0.0
0.0
0.0
0.0
0.0
0.0
0.0
0.0
0.0
0.0
0.0
0.0
0.0
0.0
0.0
12.65082910060414
0.0
0.0
0.0
0.0
0.0
0.0
0.0
0.0
0.0
0.0
0.0
0.0
0.0
0.0
0.0
12.765432216333195
0.0
0.0
0.0
0.0
0.0
0.0
0.0
0.0
0.0
0.0
0.0
0.0
0.0
0.0
0.0
0.0
0.0
0.0
0.0
0.0
0.0
12.866069809921786
0.0
0.0
0.0
0.0
0.0
0.0
0.0
0.0
0.0
0.0
0.0
0.0
0.0
0.0
0.0
12.703988509578446
0.0
0.0
0.0
0.0
0.0
0.0
0.0
0.0
0.0
0.0
0.0
0.0
0.0
0.0
12.795299777119363
0.0
0.0
0.0
0.0
12.587277526745225
0.0
0.0
0.0
0.0
0.0
0.0
0.0
0.0
12.668045876443614
0.0
0.0
0.0
0.0
0.0
0.0
0.0
0.0
0.0
0.0
0.0
0.0
0.0
0.0
0.0
0.0
0.0
0.0
0.0
0.0
0.0
0.0
0.0
0.0
0.0
0.0
0.0
12.634465706283189
0.0
0.0
0.0
0.0
0.0
0.0
0.0
0.0
0.0
12.782080363750685
0.0
0.0
0.0
0.0
0.0
0.0
12.772658186453274
0.0
0.0
0.0
0.0
0.0
0.0
0.0
0.0
0.0
0.0
0.0
0.0
0.0
0.0
0.0
0.0
0.0
0.0
0.0
0.0
0.0
0.0
12.93113859302046
0.0
12.496115166296187
0.0
0.0
0.0
0.0
0.0
0.0
12.805279032444474
0.0
0.0
0.0
0.0
0.0
0.0
0.0
0.0
0.0
0.0
0.0
0.0
0.0
0.0
12.859507247665718
0.0
0.0
0.0
0.0
0.0
12.485896007482355
0.0
0.0
0.0
0.0
0.0
0.0
0.0
0.0
0.0
0.0
0.0
0.0
0.0
0.0
0.0
0.0
0.0
0.0
0.0
0.0
0.0
0.0
0.0
0.0
0.0
0.0
0.0
0.0
0.0
0.0
0.0
0.0
0.0
0.0
0.0
0.0
0.0
0.0
0.0
0.0
0.0
12.947652267926625
12.78289720623424
0.0
0.0
0.0
0.0
0.0
0.0
0.0
0.0
0.0
0.0
0.0
12.811128274523051
0.0
0.0
0.0
0.0
0.0
0.0
0.0
0.0
0.0
0.0
0.0
0.0
0.0
0.0
0.0
0.0
0.0
0.0
0.0
0.0
0.0
0.0
0.0
0.0
12.717058012420075
0.0
0.0
0.0
0.0
0.0
0.0
12.838371813444317
0.0
0.0
12.44553200893595
0.0
0.0
0.0
0.0
0.0
0.0
0.0
0.0
0.0
0.0
0.0
0.0
0.0
0.0
0.0
0.0
0.0
0.0
0.0
0.0
0.0
0.0
0.0
0.0
0.0
0.0
0.0
0.0
0.0
0.0
0.0
0.0
12.86510693293835
0.0
0.0
0.0
0.0
0.0
12.278550040408195
0.0
0.0
0.0
0.0
0.0
0.0
0.0
0.0
0.0
0.0
0.0
0.0
0.0
0.0
0.0
0.0
0.0
0.0
0.0
12.640202360988507
0.0
0.0
0.0
0.0
0.0
12.852769612208967
0.0
0.0
0.0
0.0
0.0
0.0
0.0
0.0
0.0
0.0
0.0
0.0
0.0
0.0
0.0
0.0
0.0
0.0
12.553188946589142
0.0
12.86786404332285
0.0
0.0
0.0
0.0
0.0
0.0
0.0
0.0
0.0
0.0
0.0
0.0
0.0
0.0
0.0
0.0
0.0
0.0
0.0
0.0
0.0
0.0
0.0
0.0
0.0
0.0
0.0
0.0
0.0
0.0
0.0
12.84311353893552
0.0
0.0
0.0
0.0
0.0
0.0
0.0
0.0
0.0
0.0
12.313471951918
0.0
0.0
0.0
0.0
0.0
0.0
0.0
0.0
0.0
0.0
0.0
0.0
0.0
0.0
12.875041930492886
0.0
0.0
0.0
0.0
0.0
0.0
0.0
0.0
0.0
0.0
12.853911600370873
0.0
0.0
0.0
0.0
0.0
0.0
0.0
0.0
0.0
0.0
12.67649903368872
12.824295930385807
0.0
0.0
0.0
0.0
0.0
0.0
0.0
0.0
0.0
0.0
0.0
0.0
0.0
0.0
12.742997641738189
0.0
0.0
0.0
0.0
0.0
0.0
0.0
0.0
12.294512433659394
0.0
0.0
0.0
0.0
0.0
0.0
0.0
0.0
12.715560794304459
0.0
0.0
0.0
0.0
0.0
0.0
0.0
0.0
0.0
0.0
0.0
12.660366587332627
0.0
0.0
0.0
0.0
12.802330708415836
0.0
0.0
0.0
0.0
0.0
12.50969403654851
0.0
0.0
12.635384704680288
0.0
0.0
0.0
0.0
0.0
0.0
0.0
0.0
0.0
0.0
0.0
0.0
0.0
0.0
0.0
0.0
0.0
0.0
0.0
0.0
0.0
0.0
0.0
0.0
0.0
0.0
0.0
0.0
0.0
12.757319623941855
0.0
0.0
0.0
0.0
0.0
0.0
0.0
0.0
0.0
0.0
0.0
0.0
0.0
0.0
0.0
0.0
0.0
0.0
0.0
12.885430281168786
0.0
0.0
12.659193950199969
0.0
0.0
0.0
12.640123118827717
0.0
0.0
0.0
0.0
0.0
0.0
12.668491118834297
0.0
0.0
0.0
0.0
0.0
0.0
0.0
0.0
0.0
0.0
0.0
0.0
0.0
0.0
0.0
0.0
0.0
0.0
0.0
0.0
0.0
0.0
0.0
0.0
0.0
12.558804063629665
0.0
0.0
0.0
0.0
0.0
0.0
0.0
0.0
0.0
0.0
0.0
0.0
0.0
0.0
12.42721801348095
0.0
0.0
0.0
0.0
0.0
0.0
12.617341874178729
0.0
0.0
0.0
0.0
0.0
0.0
0.0
12.829577206484451
0.0
0.0
0.0
0.0
0.0
0.0
0.0
0.0
0.0
12.525714720900178
0.0
0.0
0.0
0.0
0.0
0.0
0.0
0.0
0.0
12.876314281786783
0.0
0.0
0.0
12.840349063884874
0.0
0.0
0.0
0.0
0.0
0.0
12.32357435160909
0.0
0.0
0.0
0.0
0.0
0.0
0.0
0.0
0.0
0.0
0.0
0.0
0.0
0.0
0.0
0.0
0.0
12.469273325013427
0.0
0.0
0.0
0.0
0.0
0.0
0.0
0.0
0.0
0.0
0.0
0.0
12.745308175902718
0.0
0.0
12.632221821193014
0.0
0.0
0.0
0.0
0.0
0.0
0.0
0.0
0.0
0.0
0.0
0.0
0.0
0.0
0.0
0.0
12.794088947055672
0.0
0.0
0.0
0.0
0.0
12.773559653976323
0.0
0.0
0.0
0.0
0.0
0.0
12.122429979010006
0.0
0.0
0.0
12.67556052005116
0.0
0.0
0.0
0.0
0.0
0.0
0.0
0.0
12.86261757639271
0.0
0.0
0.0
0.0
0.0
12.870822408906205
0.0
0.0
0.0
0.0
0.0
0.0
0.0
0.0
0.0
0.0
0.0
0.0
0.0
0.0
0.0
0.0
0.0
0.0
0.0
0.0
0.0
0.0
0.0
0.0
0.0
0.0
12.747501417080656
0.0
0.0
0.0
0.0
0.0
0.0
12.877457045668196
0.0
0.0
0.0
0.0
0.0
0.0
0.0
0.0
0.0
0.0
0.0
0.0
0.0
12.448072672404216
0.0
0.0
0.0
0.0
0.0
0.0
0.0
0.0
0.0
0.0
0.0
0.0
0.0
0.0
0.0
0.0
0.0
0.0
0.0
0.0
12.458967360055702
0.0
0.0
0.0
12.759729867713089
12.906633215677147
0.0
0.0
0.0
0.0
0.0
0.0
0.0
0.0
12.683685383730623
0.0
0.0
0.0
0.0
0.0
0.0
0.0
0.0
0.0
12.609491780913466
0.0
0.0
0.0
0.0
0.0
0.0
0.0
0.0
0.0
0.0
0.0
0.0
0.0
0.0
12.586880161398131
0.0
0.0
0.0
0.0
0.0
0.0
0.0
0.0
0.0
0.0
0.0
0.0
0.0
0.0
0.0
0.0
0.0
0.0
0.0
0.0
0.0
0.0
0.0
0.0
0.0
0.0
0.0
0.0
0.0
0.0
0.0
0.0
0.0
0.0
0.0
0.0
0.0
0.0
0.0
0.0
0.0
0.0
0.0
0.0
0.0
0.0
0.0
0.0
0.0
0.0
0.0
0.0
0.0
0.0
0.0
0.0
0.0
0.0
0.0
0.0
0.0
0.0
0.0
0.0
0.0
0.0
0.0
0.0
0.0
0.0
0.0
0.0
0.0
0.0
0.0
0.0
0.0
0.0
0.0
0.0
0.0
0.0
0.0
0.0
0.0
0.0
0.0
0.0
0.0
0.0
0.0
0.0
0.0
0.0
0.0
0.0
0.0
0.0
0.0
0.0
0.0
12.79964074919684
0.0
0.0
0.0
0.0
0.0
0.0
0.0
0.0
0.0
0.0
12.760112794748505
0.0
0.0
0.0
0.0
0.0
0.0
0.0
0.0
0.0
0.0
0.0
0.0
0.0
0.0
0.0
12.80054369210584
0.0
0.0
0.0
0.0
0.0
12.569813445993416
0.0
0.0
0.0
0.0
0.0
12.21253028686106
0.0
0.0
0.0
0.0
12.796714440241999
0.0
0.0
0.0
0.0
0.0
0.0
0.0
0.0
0.0
0.0
12.88804434712238
12.836770998259988
0.0
0.0
0.0
0.0
0.0
0.0
0.0
0.0
0.0
0.0
0.0
0.0
0.0
0.0
0.0
0.0
0.0
0.0
0.0
0.0
0.0
0.0
0.0
0.0
0.0
0.0
0.0
0.0
0.0
0.0
0.0
0.0
0.0
0.0
0.0
0.0
0.0
0.0
0.0
0.0
0.0
0.0
0.0
0.0
0.0
0.0
0.0
0.0
0.0
0.0
0.0
12.416989945808488
0.0
0.0
0.0
12.737854810469655
0.0
0.0
12.623789842497683
0.0
0.0
0.0
0.0
0.0
0.0
0.0
0.0
0.0
0.0
12.777186333595166
0.0
0.0
0.0
0.0
0.0
0.0
0.0
0.0
0.0
0.0
0.0
0.0
0.0
0.0
0.0
0.0
0.0
0.0
0.0
0.0
0.0
0.0
0.0
0.0
0.0
0.0
0.0
0.0
0.0
0.0
0.0
0.0
0.0
0.0
0.0
0.0
0.0
0.0
0.0
0.0
0.0
0.0
0.0
0.0
0.0
0.0
0.0
0.0
12.586505537024232
0.0
0.0
12.896606321554263
12.875524034214987
0.0
0.0
12.712647747562164
0.0
0.0
0.0
0.0
0.0
0.0
0.0
0.0
0.0
0.0
0.0
0.0
0.0
0.0
12.515246007992408
0.0
0.0
0.0
0.0
12.823724920297952
0.0
0.0
0.0
0.0
0.0
0.0
0.0
0.0
12.636003069045776
0.0
0.0
0.0
0.0
0.0
0.0
0.0
0.0
0.0
12.874178748397116
0.0
0.0
0.0
12.888059204196459
0.0
0.0
0.0
0.0
0.0
0.0
12.490307890089642
0.0
0.0
0.0
0.0
0.0
0.0
0.0
0.0
0.0
0.0
0.0
0.0
0.0
0.0
0.0
0.0
0.0
0.0
0.0
0.0
0.0
0.0
0.0
0.0
0.0
0.0
12.888769938246876
0.0
0.0
0.0
0.0
0.0
0.0
0.0
0.0
0.0
0.0
0.0
0.0
0.0
0.0
0.0
0.0
0.0
0.0
0.0
0.0
0.0
0.0
0.0
0.0
0.0
0.0
0.0
0.0
0.0
0.0
0.0
0.0
0.0
0.0
0.0
12.522586675139697
0.0
0.0
0.0
0.0
0.0
0.0
0.0
0.0
0.0
12.79799845045339
0.0
0.0
0.0
12.470874734533016
0.0
0.0
0.0
12.380912507269977
0.0
0.0
0.0
0.0
0.0
12.51097918062732
0.0
0.0
12.400287367846374
0.0
0.0
0.0
0.0
0.0
0.0
0.0
0.0
0.0
0.0
0.0
0.0
0.0
12.753132759101392
0.0
0.0
12.837395006873356
0.0
12.81563156683744
0.0
12.484300389873956
0.0
0.0
0.0
0.0
0.0
0.0
0.0
0.0
0.0
12.890021252012456
0.0
0.0
0.0
0.0
0.0
0.0
0.0
0.0
0.0
0.0
0.0
0.0
12.42463611017981
12.855391974333225
0.0
12.650822633742537
12.651911608854034
0.0
0.0
0.0
0.0
0.0
0.0
0.0
0.0
0.0
0.0
12.056117734211567
0.0
0.0
0.0
0.0
0.0
0.0
0.0
0.0
0.0
12.887045136225579
0.0
0.0
0.0
0.0
0.0
0.0
0.0
0.0
0.0
0.0
0.0
0.0
0.0
0.0
0.0
0.0
0.0
0.0
12.203214824270386
12.53175653311746
0.0
0.0
0.0
0.0
0.0
0.0
0.0
0.0
0.0
0.0
0.0
0.0
0.0
0.0
0.0
0.0
0.0
0.0
0.0
0.0
0.0
12.72358804147003
0.0
0.0
0.0
0.0
0.0
0.0
0.0
0.0
12.836142965369996
0.0
0.0
0.0
0.0
0.0
12.914359628987121
0.0
0.0
0.0
0.0
0.0
0.0
0.0
0.0
0.0
0.0
0.0
0.0
0.0
0.0
0.0
0.0
0.0
0.0
0.0
0.0
0.0
12.829495208021278
0.0
0.0
0.0
0.0
0.0
0.0
0.0
0.0
0.0
0.0
0.0
0.0
0.0
0.0
0.0
0.0
0.0
0.0
0.0
0.0
0.0
0.0
0.0
12.744482676499354
0.0
0.0
0.0
0.0
0.0
12.781735926267466
0.0
0.0
0.0
0.0
0.0
0.0
0.0
0.0
0.0
0.0
0.0
0.0
0.0
0.0
0.0
0.0
0.0
0.0
0.0
12.844267052903772
0.0
0.0
0.0
12.874572092289272
12.797660764031587
0.0
0.0
0.0
0.0
0.0
0.0
0.0
0.0
0.0
0.0
0.0
0.0
0.0
0.0
0.0
0.0
0.0
0.0
0.0
0.0
0.0
0.0
0.0
0.0
0.0
0.0
0.0
0.0
0.0
0.0
0.0
0.0
0.0
0.0
0.0
0.0
0.0
0.0
0.0
12.641209038149945
0.0
0.0
0.0
0.0
12.801912053200976
0.0
0.0
0.0
12.923645854060492
0.0
0.0
0.0
0.0
0.0
0.0
12.51992246429966
0.0
0.0
0.0
0.0
0.0
0.0
0.0
0.0
0.0
0.0
0.0
0.0
0.0
0.0
0.0
0.0
0.0
0.0
0.0
0.0
12.786411944975018
12.700227244630218
0.0
0.0
0.0
0.0
0.0
0.0
0.0
0.0
0.0
0.0
0.0
0.0
0.0
0.0
0.0
0.0
0.0
0.0
0.0
0.0
0.0
0.0
0.0
0.0
0.0
0.0
0.0
0.0
0.0
0.0
0.0
0.0
0.0
0.0
0.0
0.0
0.0
0.0
0.0
0.0
0.0
0.0
0.0
0.0
0.0
0.0
0.0
0.0
0.0
0.0
0.0
0.0
0.0
0.0
0.0
0.0
0.0
12.900428230258914
0.0
12.890498181685691
0.0
0.0
0.0
12.913069489343304
0.0
0.0
0.0
0.0
0.0
0.0
0.0
0.0
0.0
0.0
0.0
0.0
0.0
0.0
0.0
0.0
0.0
0.0
0.0
0.0
0.0
0.0
0.0
0.0
0.0
0.0
0.0
0.0
0.0
0.0
0.0
0.0
0.0
0.0
0.0
0.0
12.946400835597782
0.0
0.0
0.0
0.0
0.0
0.0
0.0
0.0
0.0
0.0
0.0
0.0
0.0
0.0
0.0
0.0
0.0
0.0
0.0
0.0
0.0
0.0
0.0
0.0
0.0
0.0
0.0
0.0
0.0
0.0
0.0
0.0
0.0
12.819526880533529
0.0
0.0
0.0
0.0
0.0
0.0
0.0
0.0
0.0
0.0
0.0
0.0
0.0
0.0
0.0
0.0
0.0
0.0
0.0
0.0
0.0
0.0
0.0
0.0
12.532601969596866
0.0
0.0
0.0
0.0
0.0
0.0
0.0
0.0
0.0
0.0
0.0
0.0
0.0
0.0
0.0
0.0
0.0
0.0
0.0
0.0
0.0
12.50748444683145
0.0
0.0
0.0
0.0
0.0
0.0
0.0
0.0
0.0
0.0
0.0
0.0
0.0
0.0
0.0
0.0
0.0
0.0
0.0
0.0
0.0
0.0
0.0
0.0
0.0
0.0
12.883264285219667
0.0
0.0
0.0
0.0
0.0
12.786350281670332
0.0
0.0
0.0
0.0
0.0
0.0
0.0
12.779516202693939
0.0
0.0
0.0
0.0
0.0
0.0
0.0
0.0
0.0
0.0
0.0
0.0
0.0
12.71302570512824
0.0
0.0
0.0
0.0
0.0
0.0
0.0
0.0
12.776381552890392
0.0
0.0
0.0
12.431943108213728
0.0
0.0
0.0
0.0
12.30639956046948
0.0
0.0
0.0
0.0
0.0
12.760077049671121
0.0
0.0
0.0
0.0
0.0
0.0
0.0
0.0
0.0
0.0
0.0
0.0
0.0
0.0
0.0
0.0
0.0
0.0
0.0
0.0
0.0
0.0
0.0
0.0
0.0
12.35508437494492
0.0
0.0
0.0
0.0
0.0
0.0
0.0
0.0
0.0
0.0
0.0
0.0
0.0
0.0
0.0
0.0
0.0
0.0
0.0
0.0
0.0
0.0
0.0
0.0
0.0
0.0
0.0
0.0
0.0
0.0
0.0
0.0
0.0
0.0
0.0
0.0
0.0
0.0
0.0
0.0
0.0
0.0
0.0
0.0
0.0
0.0
0.0
0.0
0.0
0.0
0.0
0.0
0.0
0.0
0.0
0.0
0.0
0.0
0.0
0.0
0.0
0.0
0.0
0.0
0.0
0.0
0.0
0.0
0.0
0.0
0.0
0.0
0.0
0.0
0.0
0.0
0.0
0.0
0.0
12.67484708357527
0.0
0.0
0.0
0.0
0.0
0.0
0.0
0.0
12.60112450848208
0.0
0.0
0.0
0.0
0.0
0.0
0.0
0.0
0.0
0.0
0.0
0.0
0.0
0.0
0.0
0.0
0.0
0.0
0.0
0.0
0.0
0.0
0.0
0.0
0.0
0.0
0.0
0.0
0.0
0.0
0.0
0.0
0.0
0.0
0.0
0.0
12.897764045306209
0.0
0.0
0.0
0.0
0.0
0.0
0.0
0.0
12.586740330375967
0.0
0.0
0.0
0.0
0.0
0.0
0.0
0.0
0.0
0.0
0.0
0.0
0.0
0.0
0.0
0.0
12.840189966615185
0.0
0.0
0.0
0.0
0.0
0.0
0.0
0.0
0.0
0.0
0.0
0.0
0.0
0.0
12.599534093098395
0.0
0.0
0.0
0.0
0.0
0.0
0.0
0.0
0.0
0.0
0.0
12.424214969513631
0.0
0.0
0.0
0.0
0.0
12.6910328889018
0.0
0.0
0.0
0.0
0.0
0.0
0.0
0.0
0.0
0.0
0.0
0.0
0.0
0.0
0.0
0.0
0.0
0.0
0.0
0.0
0.0
0.0
0.0
12.159929266594677
0.0
0.0
0.0
0.0
0.0
0.0
0.0
0.0
0.0
0.0
0.0
0.0
0.0
12.882459483072102
0.0
0.0
0.0
0.0
0.0
0.0
0.0
0.0
0.0
0.0
0.0
0.0
0.0
0.0
0.0
0.0
11.425997073127851
0.0
0.0
0.0
0.0
0.0
12.854969188968708
0.0
0.0
0.0
0.0
0.0
0.0
0.0
0.0
0.0
0.0
0.0
0.0
0.0
0.0
12.59227054497206
12.884916278934273
0.0
0.0
0.0
0.0
12.436194420463984
0.0
0.0
12.798705974696603
0.0
0.0
12.812920584630321
0.0
0.0
0.0
0.0
0.0
0.0
0.0
0.0
0.0
0.0
0.0
0.0
0.0
0.0
0.0
0.0
0.0
0.0
0.0
0.0
0.0
0.0
0.0
0.0
0.0
0.0
12.744340576480976
0.0
12.750599350129919
0.0
0.0
0.0
12.711786037779875
0.0
0.0
0.0
0.0
0.0
0.0
0.0
0.0
0.0
0.0
0.0
12.610239724452214
0.0
0.0
0.0
0.0
0.0
12.840050496082432
0.0
0.0
0.0
0.0
0.0
0.0
0.0
0.0
0.0
0.0
0.0
0.0
0.0
0.0
0.0
0.0
0.0
0.0
0.0
0.0
0.0
0.0
0.0
0.0
0.0
0.0
0.0
12.495451260727869
0.0
0.0
0.0
0.0
0.0
0.0
0.0
12.702355301045182
0.0
0.0
0.0
0.0
0.0
0.0
0.0
0.0
0.0
0.0
0.0
0.0
0.0
0.0
0.0
0.0
0.0
0.0
0.0
0.0
12.687387937237592
0.0
0.0
0.0
0.0
0.0
0.0
0.0
0.0
0.0
0.0
0.0
0.0
0.0
0.0
0.0
0.0
0.0
0.0
12.697968136026985
0.0
0.0
0.0
12.458990779974302
0.0
0.0
0.0
0.0
0.0
0.0
0.0
0.0
0.0
0.0
0.0
0.0
0.0
0.0
0.0
0.0
0.0
0.0
0.0
0.0
0.0
0.0
0.0
0.0
0.0
0.0
0.0
0.0
0.0
0.0
0.0
0.0
0.0
0.0
0.0
12.765044703298733
0.0
12.49253929056906
0.0
0.0
0.0
0.0
0.0
12.821461219495278
0.0
0.0
0.0
0.0
0.0
0.0
0.0
0.0
0.0
0.0
12.744053290616648
0.0
0.0
0.0
0.0
0.0
0.0
0.0
0.0
0.0
0.0
0.0
0.0
0.0
0.0
0.0
0.0
0.0
0.0
0.0
0.0
12.768587854345698
12.84175818105644
0.0
0.0
0.0
0.0
0.0
0.0
12.347537375762577
0.0
0.0
0.0
0.0
0.0
0.0
12.891063858266651
0.0
0.0
0.0
0.0
0.0
0.0
0.0
0.0
0.0
0.0
0.0
0.0
0.0
0.0
0.0
0.0
0.0
0.0
0.0
0.0
0.0
0.0
0.0
0.0
0.0
0.0
0.0
12.747830008336237
0.0
0.0
0.0
0.0
0.0
0.0
0.0
12.855862147620863
0.0
0.0
0.0
0.0
0.0
0.0
0.0
12.661940103614265
12.349692981673742
0.0
12.899742401754521
0.0
0.0
0.0
0.0
0.0
12.521477326624913
0.0
0.0
12.686926630770602
0.0
0.0
0.0
0.0
0.0
0.0
0.0
0.0
0.0
0.0
0.0
0.0
0.0
0.0
0.0
0.0
0.0
0.0
0.0
0.0
12.708940322599002
0.0
12.755849056950737
0.0
0.0
0.0
0.0
0.0
0.0
0.0
0.0
0.0
0.0
0.0
0.0
0.0
0.0
0.0
0.0
0.0
0.0
0.0
12.712247157635927
0.0
0.0
0.0
0.0
0.0
0.0
0.0
0.0
0.0
0.0
0.0
0.0
0.0
0.0
0.0
0.0
0.0
0.0
0.0
0.0
0.0
0.0
0.0
0.0
0.0
0.0
0.0
0.0
0.0
0.0
0.0
0.0
0.0
0.0
0.0
0.0
0.0
0.0
0.0
0.0
0.0
0.0
0.0
0.0
0.0
0.0
0.0
0.0
0.0
0.0
0.0
0.0
0.0
0.0
0.0
0.0
12.448677525456318
12.431658384531847
0.0
0.0
0.0
0.0
0.0
0.0
0.0
0.0
0.0
12.663441896653048
0.0
12.57044665710693
0.0
0.0
12.892950639964436
0.0
0.0
0.0
0.0
0.0
0.0
0.0
0.0
0.0
0.0
0.0
0.0
0.0
0.0
12.838597044323432
0.0
0.0
0.0
0.0
0.0
0.0
0.0
0.0
12.889264928502808
0.0
0.0
0.0
0.0
0.0
0.0
0.0
0.0
0.0
0.0
0.0
0.0
0.0
0.0
0.0
0.0
0.0
0.0
12.711057985916296
0.0
0.0
0.0
0.0
0.0
0.0
0.0
0.0
0.0
0.0
0.0
0.0
0.0
0.0
12.3120434511768
0.0
0.0
0.0
0.0
0.0
0.0
0.0
0.0
0.0
0.0
0.0
0.0
0.0
0.0
0.0
0.0
0.0
0.0
0.0
0.0
0.0
0.0
0.0
0.0
12.345374343764409
12.813112975104342
12.219353775822997
0.0
0.0
0.0
0.0
12.749093814117199
0.0
0.0
0.0
0.0
0.0
0.0
0.0
0.0
12.84695725832532
0.0
0.0
0.0
0.0
0.0
0.0
0.0
0.0
0.0
0.0
12.618223156881417
0.0
0.0
12.50519835990912
0.0
0.0
0.0
0.0
0.0
0.0
0.0
0.0
0.0
0.0
0.0
0.0
12.901942767351951
0.0
0.0
0.0
0.0
0.0
0.0
0.0
0.0
0.0
0.0
0.0
0.0
0.0
0.0
0.0
0.0
0.0
0.0
0.0
0.0
0.0
0.0
0.0
12.834402574924471
0.0
0.0
0.0
0.0
0.0
0.0
0.0
0.0
0.0
0.0
0.0
0.0
0.0
0.0
0.0
0.0
0.0
0.0
12.718748292013165
0.0
0.0
0.0
0.0
0.0
0.0
0.0
0.0
0.0
0.0
0.0
0.0
0.0
0.0
0.0
0.0
0.0
0.0
0.0
0.0
12.589713768631098
0.0
0.0
0.0
0.0
0.0
0.0
0.0
0.0
0.0
0.0
12.430901309982723
0.0
0.0
0.0
0.0
12.590177517474988
0.0
0.0
0.0
0.0
0.0
12.734887283898527
0.0
0.0
0.0
0.0
0.0
0.0
0.0
0.0
0.0
0.0
0.0
0.0
0.0
0.0
0.0
0.0
0.0
0.0
0.0
0.0
0.0
0.0
12.627483604605793
12.8230265605736
0.0
0.0
0.0
0.0
0.0
0.0
0.0
0.0
0.0
0.0
0.0
0.0
0.0
0.0
0.0
0.0
0.0
0.0
0.0
0.0
0.0
0.0
0.0
0.0
0.0
0.0
0.0
0.0
0.0
0.0
0.0
12.81200010369813
0.0
0.0
0.0
0.0
0.0
0.0
11.82966595050047
0.0
0.0
0.0
0.0
0.0
0.0
0.0
0.0
0.0
0.0
12.761204857199834
0.0
0.0
0.0
0.0
0.0
0.0
0.0
0.0
0.0
0.0
0.0
0.0
0.0
0.0
0.0
0.0
0.0
0.0
0.0
0.0
0.0
0.0
0.0
0.0
0.0
0.0
0.0
0.0
0.0
0.0
0.0
0.0
0.0
0.0
0.0
12.704636890459506
0.0
0.0
0.0
0.0
0.0
12.187002105322216
0.0
0.0
0.0
0.0
0.0
0.0
0.0
0.0
0.0
0.0
0.0
0.0
0.0
12.355484947086874
0.0
0.0
0.0
0.0
0.0
0.0
0.0
12.691357947282286
0.0
12.833985317793797
0.0
0.0
0.0
0.0
0.0
0.0
0.0
0.0
0.0
0.0
0.0
0.0
0.0
0.0
0.0
0.0
12.101617883669054
0.0
0.0
12.851929771314865
0.0
0.0
0.0
12.84677044288973
0.0
0.0
0.0
0.0
0.0
0.0
0.0
0.0
0.0
0.0
0.0
0.0
0.0
0.0
0.0
0.0
0.0
0.0
0.0
0.0
0.0
0.0
0.0
0.0
0.0
0.0
0.0
0.0
0.0
0.0
0.0
0.0
0.0
0.0
0.0
0.0
0.0
0.0
12.4915656300814
0.0
0.0
0.0
0.0
0.0
0.0
0.0
12.796970053641488
0.0
0.0
0.0
0.0
0.0
0.0
0.0
0.0
0.0
0.0
0.0
0.0
12.907481331268428
12.210407896207826
0.0
0.0
0.0
0.0
0.0
0.0
0.0
0.0
0.0
0.0
0.0
0.0
0.0
0.0
12.78367342834506
0.0
0.0
0.0
0.0
0.0
0.0
0.0
0.0
0.0
0.0
0.0
0.0
0.0
12.773880829251528
0.0
0.0
0.0
0.0
0.0
0.0
0.0
0.0
0.0
0.0
0.0
0.0
0.0
0.0
0.0
0.0
0.0
0.0
0.0
0.0
0.0
0.0
0.0
0.0
0.0
0.0
0.0
0.0
0.0
0.0
0.0
0.0
0.0
0.0
0.0
0.0
0.0
0.0
0.0
12.394785138901163
0.0
12.435784592225632
0.0
0.0
0.0
0.0
0.0
12.443529860053244
0.0
12.681980403384209
0.0
0.0
0.0
0.0
0.0
0.0
0.0
0.0
0.0
0.0
0.0
0.0
0.0
0.0
0.0
0.0
0.0
0.0
12.633549275217334
0.0
0.0
0.0
0.0
0.0
0.0
0.0
0.0
0.0
0.0
12.918849157162564
0.0
0.0
0.0
0.0
0.0
0.0
0.0
0.0
0.0
0.0
0.0
0.0
12.593019864474012
0.0
0.0
0.0
0.0
0.0
0.0
12.372968970180153
0.0
0.0
0.0
0.0
0.0
0.0
0.0
0.0
0.0
0.0
0.0
0.0
12.661502308250483
0.0
0.0
0.0
0.0
0.0
0.0
0.0
0.0
0.0
0.0
0.0
0.0
0.0
0.0
0.0
0.0
12.513707167483929
0.0
0.0
0.0
0.0
0.0
0.0
0.0
0.0
0.0
0.0
0.0
0.0
0.0
12.863270373677432
12.80888183965473
0.0
0.0
0.0
0.0
0.0
0.0
0.0
0.0
0.0
0.0
0.0
0.0
0.0
0.0
0.0
0.0
0.0
0.0
0.0
0.0
0.0
0.0
12.80166296393543
0.0
12.58402841475826
0.0
0.0
12.678211154547792
12.70645798072265
0.0
0.0
0.0
0.0
0.0
0.0
0.0
0.0
0.0
0.0
0.0
0.0
0.0
0.0
0.0
0.0
12.741471519265469
0.0
0.0
0.0
0.0
0.0
0.0
0.0
0.0
0.0
0.0
0.0
0.0
0.0
0.0
0.0
0.0
0.0
12.265854008272912
0.0
0.0
0.0
0.0
0.0
0.0
0.0
0.0
0.0
0.0
0.0
0.0
0.0
0.0
0.0
0.0
12.794152343904626
0.0
0.0
12.518481714219005
0.0
0.0
0.0
0.0
0.0
0.0
0.0
0.0
0.0
0.0
0.0
0.0
0.0
0.0
0.0
0.0
0.0
0.0
0.0
0.0
0.0
0.0
0.0
0.0
0.0
0.0
0.0
0.0
0.0
0.0
0.0
0.0
0.0
0.0
0.0
0.0
0.0
0.0
0.0
12.759036308507179
0.0
0.0
0.0
0.0
0.0
0.0
0.0
0.0
0.0
0.0
0.0
0.0
0.0
0.0
0.0
0.0
0.0
0.0
0.0
0.0
0.0
0.0
0.0
0.0
0.0
12.776893847037154
0.0
0.0
0.0
0.0
0.0
0.0
0.0
0.0
0.0
0.0
0.0
0.0
0.0
12.641040278808799
0.0
0.0
0.0
0.0
12.874621788718663
0.0
0.0
0.0
0.0
0.0
0.0
0.0
0.0
0.0
0.0
0.0
0.0
0.0
0.0
0.0
0.0
0.0
0.0
0.0
0.0
0.0
0.0
0.0
0.0
0.0
0.0
0.0
0.0
0.0
0.0
0.0
0.0
12.88801685852859
0.0
0.0
0.0
0.0
0.0
0.0
0.0
0.0
0.0
0.0
0.0
0.0
0.0
0.0
0.0
0.0
0.0
0.0
0.0
0.0
12.755455588902715
0.0
0.0
0.0
0.0
0.0
0.0
0.0
0.0
12.672434248702267
0.0
0.0
0.0
0.0
0.0
0.0
0.0
0.0
0.0
0.0
0.0
12.78168892382153
0.0
0.0
0.0
0.0
0.0
0.0
0.0
0.0
0.0
0.0
0.0
0.0
0.0
0.0
0.0
0.0
0.0
0.0
0.0
0.0
0.0
0.0
0.0
0.0
12.21334612325616
0.0
0.0
0.0
0.0
12.905703929580323
0.0
0.0
0.0
12.363063751196943
0.0
0.0
12.807496615623439
0.0
0.0
0.0
0.0
0.0
0.0
0.0
0.0
0.0
0.0
0.0
0.0
0.0
0.0
0.0
0.0
0.0
0.0
0.0
0.0
0.0
0.0
0.0
12.939323236008015
0.0
0.0
0.0
0.0
0.0
0.0
0.0
0.0
12.52201544186883
0.0
0.0
0.0
0.0
0.0
0.0
0.0
0.0
0.0
0.0
12.61131708780654
0.0
0.0
0.0
0.0
0.0
0.0
12.89226069275487
0.0
0.0
0.0
0.0
0.0
0.0
0.0
0.0
0.0
0.0
0.0
12.772624383403432
0.0
0.0
0.0
12.52593986909186
0.0
0.0
0.0
0.0
0.0
0.0
0.0
0.0
0.0
0.0
0.0
0.0
0.0
0.0
0.0
0.0
0.0
0.0
0.0
0.0
0.0
0.0
0.0
0.0
0.0
0.0
0.0
0.0
0.0
0.0
0.0
12.775317636571305
0.0
0.0
0.0
0.0
0.0
0.0
0.0
0.0
0.0
0.0
0.0
0.0
0.0
0.0
0.0
0.0
0.0
0.0
12.832514888266227
0.0
0.0
0.0
0.0
0.0
0.0
0.0
0.0
0.0
0.0
12.429358903486161
0.0
0.0
0.0
0.0
0.0
0.0
0.0
0.0
0.0
12.931491539587785
12.25315638019042
0.0
0.0
0.0
0.0
0.0
0.0
0.0
0.0
0.0
0.0
0.0
0.0
12.836546756825966
0.0
0.0
0.0
0.0
0.0
0.0
0.0
0.0
0.0
0.0
0.0
0.0
0.0
0.0
0.0
0.0
0.0
0.0
0.0
0.0
0.0
0.0
0.0
0.0
0.0
0.0
0.0
0.0
0.0
0.0
12.880978253947736
0.0
0.0
0.0
0.0
0.0
0.0
0.0
0.0
0.0
0.0
0.0
0.0
0.0
0.0
0.0
0.0
0.0
0.0
0.0
12.39754857138348
0.0
0.0
0.0
0.0
0.0
0.0
0.0
0.0
0.0
12.12534606884284
0.0
0.0
0.0
0.0
0.0
0.0
0.0
0.0
0.0
0.0
0.0
0.0
0.0
0.0
0.0
0.0
12.06042873883251
0.0
0.0
12.481361506272151
0.0
0.0
0.0
0.0
0.0
0.0
0.0
0.0
0.0
0.0
12.543492126782962
0.0
0.0
0.0
0.0
0.0
12.786757416598512
0.0
0.0
0.0
0.0
0.0
0.0
12.65976432222853
0.0
0.0
0.0
0.0
0.0
0.0
0.0
0.0
0.0
0.0
0.0
0.0
0.0
0.0
0.0
0.0
0.0
0.0
0.0
0.0
0.0
0.0
0.0
0.0
0.0
0.0
0.0
12.746989670778259
0.0
0.0
0.0
0.0
0.0
0.0
0.0
0.0
0.0
0.0
0.0
0.0
0.0
0.0
12.788835894882663
0.0
0.0
0.0
0.0
0.0
0.0
0.0
0.0
0.0
12.479061142201665
0.0
0.0
0.0
0.0
0.0
0.0
0.0
0.0
0.0
0.0
0.0
0.0
0.0
0.0
0.0
0.0
0.0
0.0
0.0
0.0
0.0
0.0
0.0
0.0
0.0
0.0
0.0
0.0
0.0
0.0
0.0
0.0
0.0
0.0
0.0
0.0
0.0
0.0
0.0
12.875415160474597
0.0
0.0
0.0
0.0
0.0
0.0
0.0
0.0
0.0
0.0
12.697573950448108
12.907225406477286
0.0
12.85505576669505
0.0
0.0
0.0
0.0
0.0
0.0
0.0
0.0
0.0
0.0
0.0
0.0
0.0
0.0
0.0
0.0
0.0
0.0
0.0
12.494419572841519
0.0
0.0
0.0
0.0
0.0
0.0
0.0
0.0
0.0
0.0
0.0
0.0
0.0
0.0
0.0
0.0
0.0
0.0
0.0
12.745717398183944
0.0
12.657795294620344
0.0
12.12673490149454
0.0
0.0
0.0
0.0
0.0
0.0
0.0
0.0
0.0
0.0
0.0
0.0
0.0
0.0
0.0
0.0
0.0
0.0
0.0
0.0
0.0
0.0
0.0
0.0
0.0
0.0
0.0
0.0
0.0
0.0
0.0
0.0
0.0
0.0
0.0
0.0
12.695220213252346
0.0
0.0
0.0
0.0
0.0
0.0
0.0
0.0
0.0
0.0
0.0
0.0
0.0
0.0
0.0
0.0
0.0
0.0
0.0
0.0
0.0
0.0
0.0
0.0
0.0
0.0
0.0
0.0
0.0
0.0
0.0
0.0
0.0
0.0
0.0
0.0
0.0
0.0
0.0
0.0
0.0
0.0
12.7284154015767
0.0
0.0
0.0
0.0
0.0
0.0
0.0
0.0
0.0
12.919592117312304
0.0
0.0
0.0
0.0
0.0
0.0
12.60805120500325
0.0
0.0
0.0
0.0
0.0
0.0
0.0
0.0
0.0
0.0
0.0
0.0
0.0
0.0
0.0
0.0
0.0
0.0
0.0
0.0
0.0
0.0
0.0
0.0
12.869075006201175
0.0
0.0
0.0
0.0
0.0
0.0
0.0
0.0
0.0
0.0
0.0
0.0
0.0
0.0
0.0
0.0
0.0
0.0
0.0
0.0
0.0
0.0
0.0
0.0
0.0
0.0
0.0
0.0
0.0
0.0
0.0
0.0
0.0
0.0
0.0
0.0
0.0
0.0
0.0
0.0
0.0
0.0
0.0
0.0
0.0
0.0
0.0
0.0
0.0
0.0
0.0
0.0
0.0
12.422767461160209
0.0
0.0
0.0
0.0
0.0
0.0
0.0
0.0
12.520254552665747
0.0
0.0
0.0
0.0
0.0
0.0
0.0
12.716991246492583
0.0
0.0
0.0
12.700094263433424
0.0
0.0
0.0
12.812189453657867
0.0
0.0
0.0
0.0
12.89289986753646
0.0
0.0
0.0
0.0
12.581966523176074
0.0
0.0
12.836229359404783
0.0
0.0
12.591221736430743
0.0
0.0
0.0
0.0
0.0
0.0
0.0
0.0
0.0
0.0
0.0
12.571665399568612
0.0
0.0
0.0
0.0
0.0
0.0
0.0
0.0
0.0
0.0
12.597008241910785
0.0
0.0
0.0
0.0
0.0
0.0
0.0
0.0
0.0
0.0
0.0
0.0
0.0
0.0
0.0
0.0
0.0
0.0
0.0
0.0
0.0
0.0
0.0
12.856148243689532
0.0
0.0
0.0
0.0
12.478540067192583
12.712729705967645
0.0
0.0
0.0
0.0
12.696100806775002
0.0
0.0
0.0
0.0
0.0
12.452963463433589
0.0
12.866382147580445
0.0
0.0
0.0
0.0
0.0
0.0
0.0
0.0
0.0
12.925734699051645
0.0
0.0
0.0
0.0
0.0
12.66394297915804
0.0
0.0
0.0
0.0
0.0
0.0
0.0
0.0
0.0
0.0
12.760854765738136
0.0
0.0
12.891611852420104
0.0
0.0
0.0
0.0
0.0
0.0
0.0
0.0
0.0
0.0
12.718435371402876
0.0
0.0
0.0
0.0
0.0
0.0
0.0
0.0
0.0
0.0
0.0
0.0
0.0
12.632614176992616
0.0
0.0
0.0
0.0
12.860371595756144
0.0
0.0
0.0
0.0
0.0
12.444899611254995
0.0
0.0
12.476686778975424
12.527040952471532
0.0
12.863031064794262
0.0
0.0
0.0
12.808852844829548
0.0
0.0
0.0
0.0
0.0
0.0
0.0
0.0
0.0
0.0
0.0
0.0
0.0
0.0
12.441328470623857
0.0
0.0
0.0
0.0
0.0
0.0
0.0
0.0
0.0
0.0
0.0
0.0
0.0
0.0
0.0
0.0
0.0
0.0
0.0
0.0
0.0
0.0
0.0
0.0
0.0
0.0
0.0
0.0
0.0
0.0
0.0
0.0
0.0
0.0
0.0
0.0
0.0
0.0
0.0
12.912906826556632
0.0
0.0
0.0
0.0
0.0
0.0
0.0
0.0
0.0
0.0
0.0
0.0
0.0
0.0
0.0
0.0
0.0
0.0
0.0
0.0
0.0
12.878548724668843
0.0
0.0
0.0
0.0
0.0
12.78904940242667
0.0
0.0
0.0
0.0
0.0
0.0
0.0
0.0
0.0
0.0
0.0
0.0
0.0
0.0
0.0
0.0
12.828051870888114
0.0
0.0
0.0
0.0
12.524017868356525
0.0
0.0
0.0
0.0
0.0
0.0
0.0
0.0
0.0
0.0
0.0
0.0
0.0
0.0
12.433234719069409
0.0
0.0
0.0
0.0
0.0
0.0
0.0
0.0
0.0
0.0
0.0
0.0
0.0
0.0
0.0
0.0
0.0
0.0
0.0
0.0
0.0
0.0
12.476027747599097
0.0
0.0
0.0
0.0
0.0
0.0
0.0
0.0
0.0
0.0
0.0
0.0
0.0
0.0
0.0
0.0
0.0
0.0
0.0
0.0
0.0
0.0
0.0
0.0
0.0
0.0
0.0
0.0
0.0
0.0
0.0
0.0
12.604662043067131
0.0
0.0
0.0
0.0
0.0
0.0
0.0
0.0
0.0
0.0
0.0
0.0
0.0
12.396784399583622
0.0
0.0
12.853999959362008
0.0
0.0
0.0
0.0
0.0
0.0
0.0
0.0
0.0
0.0
0.0
0.0
0.0
0.0
0.0
0.0
0.0
0.0
0.0
0.0
0.0
0.0
0.0
0.0
0.0
0.0
0.0
0.0
0.0
0.0
0.0
0.0
0.0
12.33467215440796
0.0
0.0
0.0
0.0
0.0
0.0
0.0
0.0
0.0
0.0
0.0
0.0
0.0
0.0
0.0
0.0
0.0
12.921434951122617
0.0
0.0
0.0
0.0
0.0
0.0
0.0
0.0
0.0
0.0
0.0
0.0
0.0
0.0
0.0
0.0
0.0
0.0
0.0
0.0
0.0
0.0
0.0
0.0
0.0
0.0
0.0
12.869379464556292
0.0
0.0
0.0
0.0
0.0
0.0
0.0
0.0
0.0
0.0
0.0
0.0
12.615938269059384
12.894419823729859
12.76931234572635
0.0
12.887263864750107
0.0
0.0
12.737723611778387
12.692658707139739
0.0
0.0
0.0
0.0
0.0
0.0
0.0
0.0
0.0
0.0
0.0
0.0
12.691854781912468
0.0
12.866423101675021
0.0
0.0
0.0
0.0
0.0
0.0
0.0
0.0
0.0
0.0
0.0
0.0
0.0
0.0
0.0
0.0
0.0
0.0
0.0
0.0
0.0
0.0
0.0
0.0
0.0
0.0
0.0
0.0
0.0
0.0
0.0
0.0
0.0
0.0
0.0
0.0
0.0
0.0
0.0
0.0
0.0
0.0
0.0
0.0
0.0
0.0
0.0
0.0
0.0
0.0
0.0
0.0
0.0
0.0
0.0
0.0
0.0
0.0
0.0
0.0
0.0
0.0
0.0
12.392426137470963
0.0
0.0
0.0
0.0
0.0
0.0
0.0
0.0
0.0
0.0
12.17352751503247
12.798159964578382
12.887441093329862
0.0
0.0
0.0
12.00830863000203
0.0
0.0
0.0
0.0
0.0
12.807553579459803
0.0
0.0
0.0
0.0
0.0
0.0
0.0
0.0
0.0
0.0
12.769941094598497
0.0
12.654215416997124
0.0
0.0
0.0
0.0
0.0
0.0
0.0
0.0
0.0
12.494395808270632
0.0
0.0
12.771988910182984
0.0
0.0
0.0
0.0
0.0
0.0
0.0
12.83521912406201
0.0
0.0
0.0
0.0
0.0
0.0
0.0
0.0
0.0
0.0
0.0
0.0
0.0
0.0
0.0
0.0
0.0
0.0
0.0
0.0
0.0
0.0
0.0
0.0
0.0
0.0
0.0
0.0
0.0
0.0
0.0
0.0
0.0
0.0
0.0
0.0
0.0
0.0
0.0
12.416703560034978
12.352132165721361
0.0
12.580318381440524
0.0
0.0
12.88768167238152
0.0
0.0
0.0
0.0
0.0
0.0
0.0
0.0
0.0
0.0
0.0
0.0
0.0
0.0
0.0
0.0
0.0
0.0
12.461338234307528
0.0
0.0
0.0
0.0
0.0
0.0
0.0
0.0
0.0
0.0
0.0
0.0
0.0
0.0
0.0
0.0
0.0
0.0
0.0
0.0
12.306890120833703
0.0
0.0
0.0
0.0
0.0
0.0
12.193957824377321
0.0
0.0
0.0
0.0
0.0
0.0
0.0
0.0
0.0
0.0
0.0
0.0
0.0
0.0
12.852652334893113
0.0
0.0
0.0
0.0
0.0
0.0
0.0
0.0
0.0
0.0
0.0
0.0
0.0
0.0
0.0
0.0
0.0
12.826257512989464
0.0
0.0
0.0
0.0
0.0
0.0
0.0
0.0
0.0
0.0
0.0
0.0
0.0
0.0
12.82586757448625
0.0
12.681639866013045
0.0
0.0
0.0
0.0
0.0
0.0
0.0
0.0
0.0
0.0
0.0
0.0
0.0
0.0
0.0
0.0
0.0
0.0
0.0
0.0
0.0
0.0
0.0
0.0
0.0
0.0
0.0
0.0
0.0
0.0
0.0
0.0
0.0
0.0
0.0
0.0
0.0
0.0
0.0
0.0
0.0
0.0
0.0
0.0
0.0
0.0
0.0
0.0
0.0
0.0
0.0
0.0
0.0
0.0
0.0
0.0
0.0
0.0
0.0
0.0
12.860523740395562
0.0
0.0
0.0
0.0
12.09289099169742
12.383850950515747
0.0
0.0
0.0
0.0
0.0
0.0
0.0
12.905228001890666
0.0
0.0
0.0
0.0
0.0
0.0
0.0
0.0
0.0
0.0
0.0
12.81971895917653
0.0
0.0
0.0
0.0
0.0
0.0
0.0
0.0
0.0
0.0
0.0
0.0
0.0
0.0
0.0
0.0
0.0
0.0
0.0
12.496060460225305
0.0
0.0
12.670814606275776
0.0
11.992836861857954
0.0
0.0
0.0
0.0
0.0
0.0
12.473093054226272
0.0
0.0
0.0
0.0
0.0
0.0
0.0
0.0
0.0
0.0
0.0
0.0
0.0
0.0
0.0
0.0
0.0
0.0
0.0
0.0
0.0
0.0
0.0
0.0
0.0
0.0
0.0
0.0
0.0
0.0
0.0
0.0
0.0
0.0
0.0
0.0
0.0
0.0
0.0
0.0
0.0
0.0
0.0
0.0
0.0
12.644393041008
0.0
0.0
0.0
0.0
0.0
0.0
0.0
0.0
0.0
0.0
0.0
0.0
0.0
0.0
0.0
0.0
0.0
0.0
0.0
0.0
0.0
0.0
0.0
0.0
0.0
0.0
0.0
0.0
0.0
0.0
0.0
0.0
0.0
0.0
0.0
0.0
0.0
0.0
0.0
0.0
0.0
0.0
0.0
0.0
0.0
0.0
0.0
0.0
0.0
0.0
0.0
0.0
0.0
0.0
0.0
0.0
0.0
12.572365875418553
0.0
0.0
0.0
0.0
0.0
0.0
0.0
12.860363907370353
0.0
0.0
0.0
0.0
0.0
0.0
0.0
0.0
0.0
12.47824531493494
0.0
0.0
12.286264418444608
0.0
0.0
0.0
0.0
0.0
12.469743337920729
0.0
0.0
0.0
0.0
0.0
0.0
0.0
0.0
0.0
0.0
0.0
0.0
0.0
0.0
0.0
12.809370259330317
0.0
0.0
0.0
0.0
0.0
0.0
0.0
0.0
0.0
0.0
12.780995579167604
0.0
0.0
0.0
0.0
12.928527971415557
0.0
0.0
0.0
0.0
0.0
0.0
0.0
0.0
0.0
0.0
0.0
0.0
0.0
0.0
0.0
0.0
0.0
0.0
0.0
0.0
0.0
12.080829977082184
0.0
0.0
0.0
0.0
0.0
0.0
0.0
0.0
0.0
0.0
0.0
0.0
0.0
0.0
0.0
0.0
0.0
0.0
0.0
0.0
0.0
0.0
0.0
0.0
0.0
0.0
0.0
0.0
0.0
0.0
0.0
0.0
12.232906489358738
0.0
0.0
0.0
0.0
0.0
0.0
0.0
0.0
0.0
0.0
12.51448139811155
0.0
0.0
0.0
0.0
0.0
0.0
0.0
0.0
0.0
0.0
0.0
0.0
0.0
12.841008328659699
12.8616321415385
0.0
0.0
0.0
12.934005811297453
0.0
0.0
0.0
0.0
0.0
0.0
0.0
0.0
0.0
12.870008473882791
12.776924532245204
12.889183297022788
0.0
0.0
0.0
0.0
0.0
0.0
0.0
0.0
0.0
0.0
0.0
0.0
0.0
0.0
0.0
0.0
0.0
0.0
0.0
0.0
0.0
0.0
0.0
0.0
0.0
0.0
0.0
0.0
0.0
0.0
0.0
0.0
0.0
0.0
0.0
12.849147570038209
0.0
12.872254453234898
0.0
12.16739472738518
0.0
0.0
0.0
0.0
0.0
0.0
0.0
0.0
0.0
0.0
0.0
0.0
0.0
0.0
0.0
0.0
0.0
0.0
0.0
0.0
0.0
0.0
0.0
0.0
0.0
0.0
0.0
0.0
0.0
0.0
0.0
0.0
0.0
0.0
0.0
0.0
0.0
0.0
12.82386545200613
0.0
0.0
0.0
0.0
0.0
0.0
0.0
0.0
0.0
0.0
0.0
0.0
0.0
0.0
0.0
0.0
0.0
0.0
12.63769007234976
0.0
0.0
0.0
0.0
0.0
0.0
0.0
0.0
0.0
0.0
0.0
0.0
0.0
12.826906777421748
0.0
0.0
0.0
0.0
0.0
0.0
0.0
0.0
0.0
0.0
12.465352098015758
0.0
0.0
0.0
0.0
0.0
0.0
0.0
0.0
0.0
0.0
0.0
12.493759891700867
0.0
0.0
0.0
0.0
0.0
0.0
0.0
0.0
0.0
0.0
0.0
0.0
0.0
12.696920532321474
0.0
0.0
0.0
0.0
0.0
0.0
0.0
12.417829902734166
0.0
0.0
0.0
0.0
0.0
0.0
0.0
0.0
0.0
0.0
0.0
0.0
0.0
0.0
0.0
0.0
0.0
0.0
0.0
0.0
0.0
0.0
0.0
0.0
0.0
0.0
0.0
0.0
0.0
0.0
0.0
0.0
0.0
0.0
0.0
0.0
0.0
0.0
0.0
0.0
0.0
0.0
0.0
0.0
0.0
0.0
0.0
0.0
0.0
0.0
12.58272273369032
12.386483995738361
12.894181148551025
0.0
0.0
0.0
0.0
0.0
0.0
0.0
0.0
0.0
0.0
0.0
0.0
0.0
0.0
0.0
0.0
0.0
0.0
0.0
0.0
0.0
12.755747772096084
0.0
0.0
0.0
0.0
0.0
0.0
0.0
0.0
0.0
0.0
0.0
0.0
0.0
0.0
0.0
12.813042477621124
12.757923953452996
0.0
0.0
0.0
0.0
0.0
0.0
0.0
0.0
0.0
0.0
0.0
0.0
0.0
0.0
0.0
0.0
0.0
0.0
0.0
0.0
0.0
0.0
0.0
0.0
0.0
0.0
0.0
0.0
0.0
0.0
0.0
0.0
0.0
0.0
0.0
0.0
0.0
0.0
0.0
0.0
0.0
0.0
0.0
0.0
0.0
0.0
0.0
12.856200126894429
0.0
0.0
12.792866090378153
0.0
0.0
0.0
0.0
0.0
0.0
0.0
0.0
12.414403038041113
0.0
0.0
0.0
12.38870207590409
0.0
0.0
0.0
0.0
0.0
0.0
0.0
0.0
0.0
0.0
0.0
0.0
0.0
12.501655467637978
0.0
0.0
0.0
0.0
0.0
12.636397258632133
0.0
0.0
0.0
0.0
0.0
0.0
0.0
0.0
0.0
0.0
0.0
0.0
0.0
0.0
12.507105771853205
0.0
0.0
0.0
0.0
0.0
0.0
0.0
0.0
0.0
0.0
0.0
0.0
0.0
12.842161869455751
0.0
0.0
12.864605698500474
0.0
12.86245222619555
0.0
0.0
0.0
12.688550597007616
0.0
0.0
12.711111282210462
0.0
0.0
0.0
0.0
0.0
0.0
0.0
0.0
0.0
0.0
0.0
0.0
0.0
0.0
0.0
0.0
0.0
0.0
0.0
0.0
0.0
0.0
0.0
12.851774107672167
0.0
0.0
0.0
0.0
0.0
12.644702941428084
0.0
0.0
0.0
0.0
12.842020222640555
12.713961514246122
0.0
0.0
0.0
0.0
0.0
0.0
0.0
0.0
0.0
0.0
0.0
0.0
0.0
0.0
0.0
0.0
0.0
0.0
0.0
0.0
0.0
0.0
12.44472000551168
0.0
0.0
0.0
0.0
0.0
0.0
12.710036778362268
0.0
0.0
0.0
0.0
0.0
0.0
0.0
0.0
0.0
0.0
0.0
0.0
0.0
0.0
0.0
0.0
0.0
0.0
0.0
12.921453780304086
0.0
0.0
0.0
0.0
0.0
0.0
0.0
12.61755300761564
0.0
0.0
0.0
0.0
0.0
0.0
0.0
0.0
0.0
0.0
0.0
0.0
0.0
0.0
0.0
0.0
0.0
0.0
12.874015105320938
0.0
0.0
0.0
0.0
0.0
0.0
0.0
0.0
0.0
0.0
12.760658196849956
0.0
0.0
0.0
0.0
0.0
0.0
0.0
0.0
0.0
0.0
0.0
12.581917050198228
0.0
12.67368708888296
0.0
0.0
0.0
0.0
0.0
0.0
0.0
0.0
0.0
0.0
0.0
0.0
0.0
0.0
0.0
0.0
0.0
0.0
0.0
0.0
0.0
0.0
12.463326637125055
0.0
0.0
0.0
0.0
0.0
0.0
0.0
12.511507031167557
0.0
0.0
12.111817859812886
0.0
0.0
0.0
0.0
0.0
0.0
0.0
12.888175500241635
0.0
0.0
0.0
0.0
0.0
0.0
0.0
12.752452558083178
0.0
0.0
0.0
0.0
0.0
0.0
0.0
0.0
0.0
0.0
0.0
0.0
0.0
0.0
0.0
0.0
0.0
0.0
0.0
0.0
0.0
0.0
0.0
0.0
0.0
0.0
0.0
0.0
0.0
0.0
0.0
0.0
0.0
0.0
0.0
0.0
0.0
0.0
0.0
0.0
0.0
0.0
0.0
0.0
12.683654647650132
0.0
12.636179122716467
0.0
0.0
0.0
0.0
0.0
0.0
0.0
0.0
0.0
0.0
0.0
0.0
0.0
0.0
0.0
0.0
0.0
0.0
0.0
0.0
0.0
0.0
12.64116095807988
0.0
0.0
0.0
0.0
0.0
12.688739070796807
0.0
12.238108396913155
0.0
0.0
0.0
0.0
0.0
0.0
0.0
0.0
0.0
0.0
0.0
0.0
0.0
0.0
0.0
0.0
0.0
0.0
0.0
0.0
0.0
0.0
0.0
0.0
0.0
0.0
0.0
0.0
0.0
0.0
0.0
0.0
0.0
0.0
0.0
0.0
0.0
0.0
0.0
0.0
0.0
0.0
0.0
0.0
0.0
12.798972905805527
0.0
12.83350424129649
12.729852285592424
0.0
0.0
0.0
0.0
0.0
0.0
0.0
0.0
0.0
0.0
0.0
0.0
0.0
0.0
0.0
0.0
0.0
0.0
0.0
0.0
0.0
0.0
0.0
0.0
0.0
0.0
0.0
0.0
0.0
12.770826852953297
0.0
0.0
0.0
0.0
0.0
0.0
0.0
12.879395476227193
12.683026117625854
0.0
12.298729357095747
0.0
0.0
0.0
0.0
0.0
0.0
0.0
0.0
12.614298317683042
0.0
0.0
0.0
0.0
0.0
0.0
0.0
0.0
0.0
0.0
0.0
0.0
0.0
0.0
12.292755091798291
0.0
0.0
0.0
0.0
0.0
0.0
0.0
0.0
0.0
0.0
0.0
12.757962569649573
0.0
0.0
0.0
0.0
0.0
0.0
0.0
0.0
12.90293669522936
0.0
0.0
0.0
0.0
0.0
0.0
0.0
12.488629967360664
12.70094668644032
0.0
0.0
0.0
12.856491036918426
0.0
0.0
0.0
0.0
0.0
0.0
0.0
0.0
12.553295871838351
0.0
12.490153819529482
0.0
0.0
0.0
0.0
0.0
0.0
0.0
0.0
0.0
0.0
0.0
0.0
12.842411687729328
0.0
0.0
0.0
0.0
0.0
0.0
0.0
0.0
0.0
0.0
0.0
0.0
0.0
0.0
0.0
12.705188732277536
12.87366061945023
0.0
0.0
0.0
0.0
0.0
0.0
0.0
0.0
0.0
0.0
12.350995935057641
0.0
0.0
0.0
0.0
0.0
0.0
0.0
0.0
0.0
0.0
0.0
0.0
0.0
0.0
0.0
0.0
0.0
0.0
0.0
0.0
12.543606165653358
0.0
12.887889609386106
0.0
0.0
0.0
0.0
0.0
0.0
0.0
0.0
0.0
0.0
0.0
0.0
0.0
0.0
0.0
12.838332156035893
0.0
0.0
0.0
0.0
0.0
0.0
0.0
0.0
0.0
0.0
0.0
0.0
0.0
0.0
0.0
0.0
0.0
0.0
0.0
12.914640243366879
0.0
0.0
0.0
0.0
0.0
0.0
0.0
0.0
0.0
0.0
0.0
0.0
0.0
0.0
0.0
0.0
12.462869176103139
0.0
0.0
0.0
0.0
0.0
0.0
0.0
0.0
0.0
0.0
0.0
0.0
0.0
0.0
0.0
0.0
0.0
0.0
0.0
0.0
0.0
0.0
0.0
0.0
0.0
0.0
0.0
0.0
0.0
0.0
0.0
0.0
0.0
12.503372645778773
0.0
0.0
0.0
0.0
0.0
0.0
0.0
0.0
0.0
0.0
0.0
12.779913427907639
0.0
0.0
0.0
0.0
0.0
0.0
0.0
0.0
0.0
0.0
0.0
0.0
0.0
0.0
