13.20261164656468
0.0
0.0
0.0
0.0
13.137204455829666
0.0
0.0
0.0
0.0
0.0
13.215496982546634
0.0
0.0
0.0
0.0
0.0
0.0
12.074536373166517
0.0
12.120041038782645
13.215698991473532
0.0
0.0
12.150758438422091
11.757390489410415
13.156721126685978
0.0
0.0
12.793788383850794
0.0
0.0
0.0
0.0
11.872173692510978
12.791673277786725
0.0
0.0
12.121641513677226
0.0
0.0
0.0
0.0
0.0
0.0
12.85029829461644
0.0
0.0
0.0
0.0
13.185633586102629
0.0
13.173336122712506
0.0
0.0
12.149840004546766
13.198904289593788
0.0
0.0
13.186887986852618
0.0
12.120182284837595
0.0
0.0
12.83249922314655
0.0
13.19807378564376
12.135049803335841
0.0
12.780935825924747
0.0
13.139357941048967
0.0
0.0
0.0
11.744264947759309
0.0
12.79534185228305
0.0
11.82910825744923
0.0
0.0
13.104631788984648
13.199039784405775
0.0
0.0
0.0
0.0
13.17192577133513
0.0
0.0
0.0
12.836459600452375
0.0
13.213531929372628
13.20048264285062
0.0
0.0
13.183181927281106
12.822043778073525
13.21698617313243
11.785885276702654
0.0
0.0
0.0
13.200554084852138
0.0
13.215548435697777
12.105630567047061
13.170546478210287
11.830095946669726
0.0
12.877178807755072
0.0
0.0
12.839537439417116
0.0
13.153085455526934
0.0
0.0
12.783288931209933
12.794890289545311
11.758333887211126
0.0
0.0
0.0
0.0
12.874221865479443
13.199629881536369
12.921014448806986
0.0
0.0
12.89244137004674
12.853763664235766
0.0
0.0
0.0
0.0
0.0
0.0
12.150082939970181
0.0
0.0
13.18669295798523
0.0
0.0
0.0
0.0
0.0
0.0
12.149419656266472
0.0
13.159172454034135
12.07473159487973
13.188196397574595
13.10499336484284
0.0
12.149948739506433
0.0
0.0
0.0
0.0
0.0
12.818940666691791
0.0
13.171139113839926
0.0
0.0
0.0
0.0
12.749041407821027
0.0
0.0
11.727855410352701
0.0
13.201408492536737
12.807834898058296
0.0
12.891855580927162
11.713882250132587
0.0
0.0
13.186684813312642
0.0
0.0
13.201968967413457
0.0
0.0
13.184554816113485
0.0
0.0
0.0
0.0
0.0
0.0
0.0
0.0
0.0
0.0
0.0
0.0
13.139869864351976
13.185769598876236
12.119870740585954
11.771561841595648
0.0
0.0
0.0
0.0
11.6849908483486
0.0
0.0
0.0
12.135128030139981
12.865908668653946
0.0
0.0
0.0
13.136942222475929
11.8289548826981
0.0
0.0
11.744299116454714
0.0
0.0
13.185833205321106
12.836727158909342
0.0
0.0
0.0
0.0
0.0
0.0
12.907033402717447
0.0
0.0
0.0
12.794798364245606
0.0
0.0
0.0
0.0
0.0
13.181297305296901
12.13618669499828
0.0
13.15755206558931
0.0
11.758058892910427
0.0
0.0
0.0
0.0
0.0
0.0
12.865496840923559
0.0
11.686681214037055
0.0
13.198286501517332
0.0
13.152983518729997
0.0
0.0
11.800666103521097
12.119918410250934
12.119437092818142
0.0
0.0
0.0
0.0
0.0
13.16609593696857
12.794319302090244
13.12274954849485
0.0
0.0
12.854025188114598
0.0
13.185618669660528
12.87743531753546
0.0
12.12141873605048
11.700165570940593
0.0
12.862151366266929
0.0
0.0
13.189516179141133
0.0
0.0
12.07543479704802
0.0
0.0
12.075982096695181
13.21810319653482
12.846384182314335
0.0
0.0
0.0
0.0
0.0
0.0
12.83733972453756
0.0
0.0
12.826089925566487
0.0
0.0
12.747214725326254
0.0
0.0
0.0
13.171179265111615
0.0
0.0
12.490757450071015
11.332354635127805
0.0
0.0
0.0
13.202540881466684
0.0
0.0
0.0
0.0
0.0
0.0
13.154742665518697
0.0
0.0
13.184649174723855
13.214289303175498
0.0
0.0
11.728659536699807
0.0
0.0
0.0
0.0
0.0
0.0
0.0
0.0
0.0
13.199410249622177
11.786751542719564
0.0
12.105464665680447
13.199305832317583
0.0
12.090548453591218
13.184663438138069
0.0
0.0
0.0
0.0
0.0
11.786866499307017
0.0
0.0
12.749353694554767
0.0
0.0
0.0
0.0
0.0
0.0
0.0
13.140904316478828
12.888874279313148
13.185946482632989
0.0
0.0
0.0
13.184922149271856
0.0
12.134563694848724
0.0
13.185457693004606
13.15369990617078
12.81880713795946
0.0
13.200832991143445
0.0
0.0
11.714226739348609
13.171538542365484
0.0
0.0
0.0
0.0
12.781191646807464
12.76739134858405
11.714210830865174
0.0
0.0
0.0
12.134691993209469
11.786105994290285
0.0
0.0
0.0
12.120038147351705
0.0
12.11958643678744
12.82028011484567
0.0
0.0
0.0
0.0
13.20076250590434
0.0
0.0
12.11983157403992
13.152155731433021
13.200682066865774
0.0
12.862844579227886
12.896430142142785
0.0
12.850329821279171
12.075571991158235
0.0
0.0
0.0
13.16964235494729
0.0
12.876494890117565
0.0
12.091328119593006
0.0
0.0
0.0
13.093188400568089
0.0
13.17085489548028
12.819119157368643
0.0
0.0
0.0
0.0
12.823054323681285
0.0
0.0
0.0
0.0
12.105822237930765
0.0
0.0
13.153036358173601
0.0
0.0
0.0
11.757981062030296
13.201559531112522
0.0
0.0
13.185462409242762
0.0
11.742748478476415
0.0
0.0
0.0
12.1498235315188
0.0
13.186122061493213
0.0
12.12011956327009
0.0
0.0
12.80665959437235
0.0
12.823764691533839
13.168642268395926
12.119383071189933
12.15056809297713
0.0
0.0
13.216268400562289
0.0
0.0
0.0
0.0
0.0
0.0
0.0
0.0
0.0
0.0
12.81822431942949
0.0
0.0
0.0
0.0
0.0
0.0
13.200896664028454
0.0
0.0
0.0
13.187093299625626
0.0
12.105895514210914
13.186064600966265
0.0
0.0
11.800991073032028
0.0
0.0
0.0
0.0
0.0
0.0
0.0
0.0
0.0
0.0
0.0
12.119556536624922
0.0
12.135705620809487
0.0
0.0
12.81049137811772
0.0
12.106097496979842
0.0
13.169360905080541
0.0
0.0
13.185161337019688
13.183618178027192
0.0
13.183944792895677
0.0
12.850282565015256
0.0
0.0
0.0
13.185956012699593
0.0
0.0
0.0
0.0
0.0
12.08999970238685
0.0
11.68618014221849
0.0
0.0
0.0
0.0
0.0
11.785289535157345
0.0
0.0
12.874662724847603
13.214532416906952
0.0
0.0
0.0
13.18771592066258
0.0
13.155819869428766
0.0
0.0
0.0
0.0
13.170398973208401
11.82921386340689
0.0
0.0
0.0
0.0
0.0
0.0
13.199761039368079
13.187685596112148
0.0
0.0
0.0
0.0
13.12183507293149
0.0
0.0
13.185923065153727
13.21801716047358
0.0
0.0
0.0
13.210719829707845
0.0
12.090060852590117
0.0
0.0
0.0
12.820087976128507
0.0
12.10503724749201
0.0
0.0
0.0
11.799257306250405
13.186937650704822
13.198784275302089
13.18595519616527
12.105900345456758
0.0
0.0
12.820783405381327
11.716550822031452
13.141214063341943
0.0
0.0
11.743071974118806
11.742222965539051
12.150100779858636
0.0
0.0
0.0
0.0
0.0
0.0
0.0
0.0
0.0
0.0
12.887728021731856
0.0
0.0
0.0
0.0
0.0
13.171170278179751
0.0
0.0
0.0
0.0
0.0
0.0
0.0
0.0
0.0
13.202927910867796
0.0
0.0
0.0
12.15003068805908
0.0
0.0
0.0
11.72963457083399
0.0
0.0
11.844098181096582
0.0
0.0
0.0
0.0
11.413534072013888
0.0
0.0
12.867067960013904
0.0
0.0
11.785438076018487
0.0
0.0
0.0
0.0
12.847785982636568
0.0
12.733596528090382
0.0
0.0
0.0
0.0
12.860304089700291
0.0
12.09062824755652
0.0
0.0
0.0
0.0
0.0
12.13507476684917
0.0
13.157641870883687
12.880027770567901
0.0
13.201306821810855
0.0
0.0
0.0
0.0
0.0
0.0
0.0
11.756257296289716
0.0
0.0
12.090210268518176
0.0
0.0
11.714448943554473
0.0
0.0
11.78721269136777
0.0
0.0
0.0
13.199674910263022
0.0
0.0
0.0
13.16450915267625
0.0
0.0
12.746708832417749
0.0
0.0
0.0
0.0
13.151929002793313
0.0
12.134600164413149
11.799780237454664
0.0
13.186964231644962
0.0
0.0
0.0
0.0
11.742778887240696
0.0
12.83076717345452
0.0
0.0
0.0
0.0
0.0
0.0
13.200765821570574
0.0
0.0
0.0
0.0
0.0
11.78621095046928
12.075766281819194
0.0
0.0
0.0
12.119926300083662
0.0
11.68468212173177
13.199338680683931
0.0
0.0
12.811165962078116
0.0
12.825927909014675
0.0
0.0
0.0
0.0
0.0
13.202228569936704
12.119048553688993
0.0
0.0
0.0
0.0
0.0
0.0
0.0
0.0
13.217397485999475
0.0
13.12183094881473
0.0
0.0
0.0
0.0
0.0
13.199911751389546
0.0
13.196830588717523
0.0
0.0
0.0
12.119696170323005
0.0
0.0
0.0
12.763980951721635
0.0
13.18700229808443
0.0
13.185934528503372
0.0
0.0
0.0
12.850047677833608
13.199035714310233
0.0
0.0
0.0
0.0
13.187487089991734
0.0
0.0
0.0
0.0
0.0
0.0
0.0
0.0
0.0
0.0
0.0
13.18774976399718
0.0
0.0
0.0
13.213552132654144
0.0
13.125607049380658
13.169603661980709
0.0
12.792069332222823
0.0
13.15665082193437
0.0
11.743578125920779
0.0
13.1556376469971
0.0
12.120419601958215
0.0
0.0
0.0
0.0
0.0
13.157635720484713
0.0
0.0
0.0
0.0
0.0
0.0
0.0
13.1843906963469
12.921161321978248
0.0
11.345605905938378
0.0
12.149630795652058
12.877934323262362
12.763605229471157
0.0
0.0
0.0
12.848299672382073
0.0
0.0
0.0
12.863372296983275
0.0
0.0
0.0
11.756131936916367
0.0
12.8632593524232
0.0
13.186395405541866
13.182549170654847
13.1705515499332
0.0
13.184373574152126
13.185488362221403
13.156972131836149
11.830198071484023
0.0
12.783350339281368
0.0
0.0
0.0
0.0
0.0
0.0
0.0
13.157600939909457
12.838404683553467
0.0
13.215092772712275
0.0
13.216626800663763
13.171986198672734
0.0
0.0
0.0
0.0
0.0
0.0
0.0
12.798223783496494
12.879145637154338
0.0
11.729693014504225
0.0
0.0
0.0
11.772302995346925
0.0
13.186881885600801
0.0
13.106856800439648
0.0
0.0
0.0
0.0
0.0
0.0
0.0
12.905073125407801
0.0
0.0
0.0
0.0
0.0
0.0
0.0
0.0
12.12024951528479
12.151422773332007
13.182942009984211
0.0
0.0
0.0
0.0
0.0
0.0
12.810270317222061
0.0
0.0
11.81563101988891
11.771439533088675
13.15549844431811
13.20205052228326
12.104877425443735
12.090277784739005
0.0
12.12032824305671
0.0
0.0
0.0
13.215258599650332
0.0
0.0
0.0
0.0
13.186678460672312
0.0
0.0
0.0
0.0
13.202636384100138
0.0
0.0
13.167121296353981
11.801670422700314
0.0
0.0
12.12054024537583
0.0
0.0
0.0
11.305692748077695
12.13396353732608
0.0
0.0
0.0
0.0
0.0
12.134503570306405
0.0
12.119685608605277
0.0
0.0
0.0
13.202135871484849
0.0
0.0
12.134875023600097
11.772122582925515
0.0
0.0
0.0
0.0
0.0
0.0
13.180098396690152
0.0
0.0
12.859683245173075
0.0
12.778171569601536
11.730236244800397
0.0
0.0
13.124575968111543
0.0
0.0
12.105067227442387
0.0
0.0
11.8155450436823
0.0
13.202452156675985
13.18797112956678
0.0
11.373931350203645
13.199579159599065
12.890630567293037
0.0
0.0
0.0
13.201628532489055
12.090156065997341
0.0
0.0
0.0
13.20178380831957
11.728869837487405
0.0
12.878635058981667
12.106157253220395
0.0
12.821092043845425
0.0
0.0
0.0
0.0
13.186708612460338
0.0
0.0
0.0
13.185653950179255
0.0
0.0
0.0
0.0
12.858014020676508
13.184602945237376
12.120126855290717
0.0
0.0
12.149228018733703
0.0
0.0
13.199177180228464
0.0
13.217164409268717
0.0
13.18216375504049
0.0
0.0
0.0
0.0
0.0
13.154761321590543
13.200989040050636
13.171139214432706
0.0
11.713748746015881
0.0
12.749089298300705
12.103531070435512
12.121664825969095
12.133794952366927
0.0
13.170643426982842
0.0
0.0
13.202194723693129
0.0
13.183974649553829
0.0
12.134466259723212
0.0
12.135386459774917
13.16820442391517
0.0
0.0
0.0
0.0
0.0
12.881364288749777
13.154937106304628
0.0
11.772254866529465
0.0
13.168277677486419
0.0
12.809417245225273
0.0
0.0
0.0
12.84818077395721
12.074574724645881
0.0
0.0
11.813936972478789
0.0
0.0
0.0
0.0
0.0
12.091321543222659
0.0
0.0
0.0
12.135510436174947
13.182018476461375
13.186554163043978
12.134751010322386
13.171364362287836
0.0
13.187440727736448
11.699843964517918
12.09001180052823
0.0
12.104788299760083
0.0
0.0
0.0
12.105032430761407
0.0
0.0
0.0
0.0
0.0
0.0
0.0
0.0
0.0
12.783504924732744
12.856340584579087
11.784807585231409
13.201314568587694
0.0
12.119669942776444
13.168370409198154
11.728774965191533
0.0
0.0
13.199382242499253
0.0
0.0
13.104698573373069
0.0
12.046225432233182
0.0
0.0
0.0
0.0
0.0
0.0
12.821194875115157
0.0
0.0
0.0
0.0
0.0
0.0
0.0
0.0
13.159124423728809
0.0
0.0
11.771726762468317
0.0
0.0
0.0
11.757573609320781
0.0
13.170836647838431
13.215472476252495
0.0
0.0
13.183737339774114
0.0
0.0
0.0
0.0
12.820550942516464
0.0
13.202232621289765
0.0
12.818531880190532
13.171878792334649
13.13904026935465
0.0
0.0
0.0
13.201704333942857
0.0
12.820748511536463
0.0
11.756919842347633
0.0
11.784585273275672
11.757330053067653
0.0
0.0
0.0
0.0
0.0
0.0
0.0
0.0
0.0
0.0
0.0
0.0
0.0
11.800367021840444
0.0
0.0
0.0
0.0
0.0
0.0
12.805676730552715
12.808252977546529
0.0
0.0
12.119546440656169
0.0
0.0
0.0
0.0
0.0
0.0
13.197059537871915
12.865930543450931
0.0
13.185110710439893
0.0
0.0
0.0
12.090563848950767
12.149692965556385
12.865594932131268
11.798851953910537
12.820933874282131
0.0
0.0
0.0
0.0
0.0
12.8928419151562
0.0
0.0
0.0
12.875037037715172
11.728025879347275
0.0
0.0
0.0
0.0
13.195941321441781
13.18409791475063
0.0
0.0
0.0
0.0
0.0
13.18682461424642
0.0
0.0
0.0
0.0
13.199696334769957
13.200568595869953
0.0
12.93075634082762
13.214859026544678
0.0
0.0
0.0
0.0
0.0
0.0
0.0
0.0
0.0
12.790739857708562
13.172438580089603
0.0
0.0
13.186040176671678
0.0
0.0
0.0
0.0
0.0
12.866237559242382
0.0
0.0
0.0
0.0
0.0
0.0
13.155114120231227
13.170699799388553
0.0
13.179870678503026
11.829646409789797
13.140334215344028
0.0
0.0
13.201776930366096
0.0
13.185572021677585
0.0
13.15427028799013
0.0
0.0
0.0
12.79623168841892
0.0
0.0
0.0
0.0
0.0
0.0
0.0
0.0
0.0
0.0
0.0
13.152661250296
13.200250015277325
0.0
0.0
13.203345506596001
0.0
0.0
11.743196901537605
0.0
0.0
13.187352015654472
0.0
0.0
0.0
13.156257760485918
0.0
0.0
13.200755364584953
13.15435876519315
0.0
11.78740889232004
12.850468276486763
0.0
0.0
13.154898051394934
11.786409256757764
0.0
0.0
12.12024577177275
0.0
13.199780232776629
12.11961146611901
0.0
0.0
0.0
0.0
0.0
0.0
13.172986258440552
12.821930791844403
0.0
0.0
12.074793647328672
0.0
0.0
13.183962906492813
12.134384183963078
0.0
0.0
0.0
11.713855653721
0.0
0.0
0.0
12.79353304922748
0.0
13.201552135293623
0.0
0.0
0.0
0.0
12.149921584674466
0.0
0.0
13.171846309317411
0.0
0.0
0.0
0.0
13.166691294397975
0.0
11.757562746570812
0.0
0.0
0.0
11.715132517493869
0.0
0.0
0.0
0.0
0.0
13.197182237461053
0.0
0.0
0.0
0.0
0.0
13.169617692868565
0.0
12.511316248970752
13.170645915908805
0.0
0.0
0.0
13.197713999168936
12.090015908654866
12.076041104437163
0.0
0.0
13.171996972955068
12.105954587607688
0.0
0.0
11.830022349915051
13.171974581595581
0.0
0.0
0.0
0.0
0.0
0.0
12.1507879824037
13.172889945201291
13.21370237174551
0.0
0.0
0.0
0.0
0.0
0.0
0.0
11.727477340411502
0.0
13.214869488774351
11.700576390789408
0.0
0.0
11.713871507176327
13.201897791342827
13.216894772827333
0.0
0.0
0.0
0.0
0.0
0.0
13.156225102437507
0.0
0.0
0.0
0.0
11.744328772896658
13.120748267540813
11.800928185837677
0.0
0.0
11.685843512149972
0.0
11.700636466464431
0.0
0.0
0.0
0.0
0.0
12.120441935743864
0.0
12.104834479644381
12.907710374713886
0.0
0.0
0.0
13.185547885018076
12.793715451618512
13.139530260920232
12.091436628166955
0.0
12.807976228162207
11.768680812148194
0.0
0.0
13.170651782059112
0.0
0.0
11.771494032432871
13.181617491174055
0.0
0.0
0.0
0.0
0.0
0.0
0.0
0.0
13.149492420743666
12.818017011560924
0.0
0.0
0.0
12.843195275646337
0.0
0.0
0.0
11.699684626188407
0.0
0.0
0.0
13.186293887670264
0.0
13.198304338875532
0.0
0.0
0.0
0.0
0.0
11.800150847042879
12.875617065485297
0.0
13.172694289016027
12.822969383047166
11.801900270902205
12.119670283271073
0.0
0.0
0.0
0.0
0.0
0.0
0.0
0.0
0.0
11.700407862077007
12.735345268881087
0.0
0.0
0.0
12.060981147391955
13.201188293651784
0.0
13.17270047101353
0.0
13.155088561466105
13.121859039989355
13.168855325574437
0.0
12.106357767489374
12.090512485567508
13.213233700115804
0.0
13.171218827028815
13.169553644070863
0.0
12.902641368136905
0.0
13.153243556208931
0.0
0.0
0.0
0.0
0.0
0.0
0.0
0.0
12.80948831608154
0.0
13.201759962147152
0.0
13.19568004242438
0.0
0.0
0.0
0.0
0.0
13.107653319736945
13.169179177087907
13.199706794440058
0.0
0.0
0.0
0.0
0.0
12.09079678160543
0.0
0.0
0.0
13.167951584089943
13.17281712497586
0.0
0.0
12.866909205851579
0.0
0.0
0.0
0.0
0.0
0.0
0.0
0.0
0.0
13.171184254476369
0.0
12.854703280005127
13.157234787409012
13.17188390853271
0.0
0.0
0.0
0.0
11.699126590484248
0.0
11.7144139417667
0.0
0.0
12.845832213081824
0.0
12.84755191612938
0.0
0.0
0.0
0.0
0.0
0.0
13.18793307605732
12.061259865922914
0.0
0.0
12.820142897230369
0.0
13.170244040149278
12.862004126931316
0.0
0.0
12.119489886342105
0.0
12.150926973991465
13.155675056919916
0.0
0.0
0.0
13.13717505942929
0.0
0.0
13.171633839776941
0.0
0.0
0.0
0.0
0.0
12.090304621594639
0.0
12.776812483061036
0.0
12.104835433093625
0.0
0.0
11.714986740716544
13.201241299740303
12.86761168642035
13.157106981289347
0.0
0.0
0.0
0.0
0.0
0.0
13.185341918647193
0.0
12.794668447048606
0.0
13.169702982434053
0.0
0.0
11.800292201814337
0.0
0.0
0.0
0.0
0.0
0.0
0.0
0.0
0.0
0.0
0.0
0.0
0.0
0.0
0.0
0.0
13.123868076753268
0.0
11.786219148636558
0.0
0.0
13.218006855991133
0.0
0.0
0.0
0.0
13.20103686254066
0.0
12.134971818193804
13.197883331997643
0.0
13.217222582095049
0.0
13.201283255980078
0.0
13.195414386506343
12.134482002010046
13.218258151819335
0.0
0.0
0.0
12.835715270251203
0.0
13.168932424771375
11.74440819348562
13.200611616039751
13.216044593404307
11.699742832360824
12.878997387204759
0.0
0.0
0.0
0.0
0.0
0.0
13.171644519494164
0.0
13.198087006364375
12.150897843709448
0.0
13.158078889220452
12.120498830512604
0.0
0.0
0.0
0.0
0.0
0.0
0.0
0.0
12.136221770250941
0.0
0.0
0.0
0.0
0.0
13.170632183419563
0.0
0.0
12.822007133379405
12.87909015763868
11.772237773648799
0.0
0.0
0.0
13.217874819251339
13.197960809460124
12.83896042864989
0.0
0.0
0.0
0.0
13.123551415714658
0.0
0.0
0.0
0.0
0.0
13.201746184828789
13.214879638998632
0.0
0.0
11.772454053636912
0.0
12.119704958121467
12.8609072989972
13.157116923022445
0.0
12.733819198594249
0.0
0.0
12.835877632716327
11.77235184094605
0.0
12.106350081426978
0.0
0.0
0.0
0.0
0.0
0.0
0.0
0.0
13.171330342222248
12.119774874196526
0.0
11.714984530882887
0.0
12.82599252340707
0.0
0.0
13.171878708270853
0.0
0.0
0.0
12.10549384466485
0.0
0.0
11.771180610054408
0.0
0.0
0.0
0.0
12.150567266169714
13.20142765589982
0.0
0.0
0.0
0.0
0.0
12.834169555961656
0.0
0.0
13.185720367074179
12.82287614780618
12.105027247159871
13.212444967539325
0.0
12.804990936412597
13.203390533965948
0.0
12.061059787055047
13.197647392663816
0.0
0.0
0.0
0.0
0.0
12.104920464283788
0.0
0.0
0.0
0.0
13.185351467629784
0.0
0.0
0.0
13.213669840082183
13.2169327348044
0.0
0.0
0.0
0.0
0.0
0.0
13.16943766129157
0.0
13.139956232050494
12.848097010553548
0.0
0.0
0.0
11.373226389930826
0.0
0.0
0.0
0.0
11.815427219137865
13.2006049898146
0.0
0.0
13.187732958984126
0.0
0.0
12.851027477348136
0.0
0.0
13.214989933235456
0.0
12.076314084392795
13.137396069916528
0.0
12.902333562173482
0.0
0.0
13.212983776423181
11.743503808138724
0.0
13.187108085268049
0.0
12.090757301750724
0.0
0.0
13.183787109631782
12.09280077023238
0.0
13.200932347080377
0.0
0.0
0.0
0.0
11.714279225911481
0.0
0.0
12.09037581136214
12.134662973307428
0.0
0.0
0.0
0.0
13.200445536859728
0.0
0.0
0.0
13.20165219100726
0.0
0.0
0.0
0.0
12.879295595906896
0.0
0.0
0.0
0.0
0.0
0.0
12.074430982404095
13.171763216554329
13.201263250828905
0.0
0.0
0.0
0.0
0.0
0.0
0.0
0.0
0.0
0.0
13.183850687634903
11.743008896398287
0.0
0.0
12.792235405970166
0.0
12.090467316303403
0.0
13.198500927758088
0.0
12.07465175559916
0.0
13.201327275081805
13.199126764613393
0.0
0.0
13.168816946798874
11.72876370021202
0.0
0.0
13.184001341223095
0.0
12.89302361659115
13.213697028452108
13.19920765764739
0.0
0.0
11.771206890174588
0.0
0.0
12.149852770983806
0.0
12.089870433204986
0.0
0.0
13.18740754233829
0.0
0.0
0.0
12.901354807276638
12.120902578668758
0.0
11.77226616698454
0.0
0.0
11.756016109121047
0.0
0.0
12.761494244158184
13.16898073572957
0.0
0.0
0.0
0.0
0.0
0.0
12.818820648132633
12.853642525333719
0.0
0.0
0.0
13.1548333199366
11.756859077851958
0.0
0.0
0.0
0.0
0.0
13.157238544828207
0.0
0.0
11.699712698462525
13.217809822212597
12.10513031272299
0.0
12.11990415696561
0.0
0.0
0.0
12.091529872194721
0.0
0.0
0.0
12.105605094958694
0.0
13.184145875672879
0.0
0.0
0.0
13.171593554816056
0.0
0.0
0.0
0.0
13.123368363478557
13.18354679868976
12.816676304133285
13.202440601181465
0.0
0.0
11.814418869080399
0.0
0.0
13.170191758543261
0.0
11.814353006392714
0.0
13.201472786726557
13.12598082305526
0.0
0.0
12.075426067533021
0.0
0.0
13.18681772385807
13.186803113025332
11.715069952198029
0.0
11.81438286848876
0.0
11.440862926529118
0.0
12.119746991075093
0.0
0.0
0.0
0.0
12.80860752702955
0.0
0.0
0.0
0.0
0.0
0.0
13.201125617198914
0.0
13.202101136383556
0.0
13.197883667596173
11.758074627765655
0.0
12.836572654356083
13.184466799846167
0.0
0.0
0.0
0.0
0.0
13.183740469025128
0.0
13.18572040847859
13.184521337248501
0.0
0.0
12.834404315951373
13.199424235864376
0.0
0.0
0.0
0.0
0.0
0.0
0.0
12.07476323437907
0.0
0.0
0.0
0.0
0.0
0.0
13.17210728135133
0.0
12.075587014242458
13.200141939591592
0.0
13.215527920265773
12.797947896787676
0.0
13.197115591475777
0.0
11.714375474064418
0.0
13.216921305314019
0.0
0.0
0.0
0.0
0.0
12.854482015227095
0.0
11.772449192640856
0.0
0.0
0.0
13.199734385066506
11.742717977203277
0.0
12.10464205538656
0.0
13.214685286376751
0.0
0.0
0.0
11.74333579168551
0.0
0.0
11.844725060373408
0.0
0.0
0.0
12.81903440408236
0.0
0.0
13.185863889609747
0.0
0.0
12.86447228247732
0.0
13.21293518939513
0.0
0.0
0.0
0.0
0.0
0.0
0.0
0.0
13.153328909763063
0.0
0.0
0.0
0.0
13.165784357907658
12.762236911910293
0.0
0.0
0.0
0.0
11.74291660798451
0.0
0.0
0.0
0.0
0.0
0.0
11.728361263873925
0.0
13.186560432686148
0.0
13.217810427559906
0.0
12.12044630658976
0.0
12.10493915346732
0.0
0.0
0.0
0.0
0.0
11.786193627346377
0.0
12.90370555962145
12.091261390094566
0.0
12.134659406796889
12.808790942087642
0.0
0.0
13.18694507727132
11.786071142428664
0.0
0.0
0.0
12.919014804388455
0.0
13.200184674715123
0.0
12.780487376995747
0.0
12.796968810373944
0.0
0.0
0.0
0.0
13.184323819490908
13.186741519124155
0.0
0.0
0.0
0.0
12.135317982227933
0.0
0.0
13.124266150440741
0.0
0.0
0.0
12.907137764481115
0.0
0.0
0.0
0.0
0.0
0.0
12.817564600979521
0.0
11.68524891339213
0.0
12.149541612064432
12.881755051141859
0.0
0.0
0.0
0.0
0.0
0.0
0.0
0.0
0.0
12.120453830853608
0.0
0.0
0.0
0.0
13.171545251189995
0.0
13.138359539080026
12.105020422264117
0.0
0.0
0.0
0.0
0.0
0.0
0.0
0.0
0.0
0.0
0.0
0.0
0.0
0.0
0.0
0.0
0.0
0.0
0.0
0.0
0.0
12.821932948918812
0.0
13.183827265144378
12.788170041977851
12.10465928953866
13.21662072768453
12.119888465849092
13.154760389420495
0.0
0.0
0.0
0.0
0.0
0.0
0.0
0.0
0.0
0.0
0.0
0.0
0.0
0.0
0.0
0.0
13.199608092483029
12.796065571559195
0.0
0.0
12.12124819724063
0.0
12.105553369177944
0.0
0.0
0.0
0.0
0.0
0.0
0.0
13.171815980297739
0.0
0.0
13.154165137942332
0.0
0.0
0.0
0.0
0.0
0.0
0.0
0.0
0.0
0.0
0.0
0.0
13.1674284013042
0.0
13.171116430983897
0.0
0.0
11.75756499480794
0.0
0.0
11.713897282263895
13.186053747418159
13.185546503779374
12.849339256126743
12.837167103275089
12.090082703125335
0.0
0.0
0.0
0.0
12.090173929066133
12.80455099945921
0.0
0.0
12.817419257968083
0.0
0.0
0.0
0.0
13.199549417907999
12.818956898474895
0.0
13.170721612433429
0.0
13.187130478475812
0.0
0.0
12.795287196527262
0.0
0.0
0.0
0.0
12.795376926654523
13.215537551777155
13.157364544052182
0.0
0.0
0.0
0.0
0.0
0.0
0.0
0.0
0.0
13.171015529983023
12.782165329139984
12.105496270641567
12.512432193741898
0.0
0.0
12.894476803557202
0.0
0.0
0.0
0.0
12.134150863254417
12.823125550666266
0.0
12.892480822033038
13.198442805690801
12.868024747846361
0.0
0.0
13.187234485840337
0.0
0.0
0.0
0.0
12.092114333804327
0.0
0.0
12.150585671961503
0.0
12.792189491466726
13.126178877319253
0.0
0.0
0.0
12.807203016130263
12.876335758012667
0.0
0.0
0.0
0.0
0.0
0.0
0.0
13.183789139479217
0.0
13.196211856314026
0.0
0.0
13.197465318064275
12.820794060398287
0.0
0.0
0.0
11.772927966073098
0.0
12.747871879050363
0.0
0.0
0.0
0.0
0.0
0.0
0.0
0.0
0.0
0.0
0.0
13.215800482545767
0.0
0.0
13.195001500816678
0.0
0.0
13.201985636057632
0.0
0.0
0.0
12.090078707049273
0.0
0.0
12.150097780429887
11.685805582393616
0.0
0.0
0.0
0.0
0.0
12.135447429583566
0.0
0.0
13.197691625781024
12.10519524918377
0.0
13.18279834261184
13.184651690412075
12.104610458379293
0.0
0.0
13.20090817634289
11.713834251349576
0.0
0.0
0.0
11.69957232574884
13.18664510416492
0.0
13.197350625517307
0.0
11.699498173892463
12.104675108197346
12.061756572308397
13.187832874943254
0.0
13.184610823643158
0.0
0.0
0.0
12.91730137738541
0.0
0.0
0.0
0.0
0.0
0.0
12.119200780735003
0.0
12.105052716562676
0.0
0.0
0.0
12.881202311329815
0.0
0.0
0.0
12.820389476167971
0.0
12.75057228882467
0.0
13.157083021579405
0.0
13.184984483410151
0.0
0.0
0.0
0.0
0.0
0.0
0.0
0.0
13.214429516330235
13.135645366911932
0.0
0.0
0.0
0.0
0.0
0.0
13.202367634260828
0.0
0.0
12.104353885000942
12.120426490521123
0.0
0.0
0.0
0.0
0.0
0.0
11.756140507352837
12.103466893205141
0.0
0.0
13.182898025125489
0.0
13.182347662254813
13.21649694816278
0.0
0.0
0.0
12.793357680555427
0.0
12.777158651252401
0.0
12.813427108225978
12.818576034386398
0.0
0.0
12.12041798986072
0.0
0.0
0.0
0.0
0.0
0.0
0.0
0.0
11.72960617384698
0.0
0.0
12.135352327276756
0.0
11.69939446064955
0.0
11.743593740238763
0.0
0.0
0.0
0.0
0.0
0.0
0.0
0.0
11.801688518775745
12.835328154036945
12.134995020895905
11.742922160766643
0.0
0.0
0.0
0.0
12.824721193110562
13.201660736157109
0.0
0.0
12.82603823002117
0.0
12.761075993881057
13.201992190966191
13.164786716574024
12.8518786180948
0.0
13.168632027021584
0.0
0.0
0.0
0.0
0.0
0.0
0.0
0.0
0.0
12.120847724520242
0.0
0.0
11.742038343683003
12.876130179230605
0.0
0.0
0.0
0.0
12.832931199535201
0.0
0.0
0.0
0.0
12.076186812256639
13.187204040790759
0.0
0.0
0.0
0.0
11.799507994792853
0.0
0.0
12.10501839360604
0.0
12.863595559403501
0.0
0.0
0.0
12.089887832696308
0.0
0.0
0.0
0.0
13.199227494856416
0.0
0.0
0.0
0.0
0.0
0.0
11.770534405130801
13.215207053101345
0.0
0.0
11.813918875433096
12.120821239713596
0.0
0.0
11.727372841749455
0.0
0.0
0.0
0.0
0.0
0.0
0.0
12.889490318114433
13.18734217100383
0.0
13.139611633784439
11.771410905800527
0.0
13.1392363336465
12.090452901986962
0.0
12.134984487008696
13.187516919896732
0.0
0.0
0.0
11.74424333740743
0.0
0.0
0.0
0.0
0.0
0.0
0.0
0.0
0.0
12.10488881601962
12.867263828895089
0.0
0.0
0.0
0.0
0.0
0.0
0.0
0.0
13.155872677885053
0.0
12.134513216201668
0.0
0.0
12.846614962955416
11.75773399462613
0.0
13.18685015933587
0.0
0.0
0.0
0.0
0.0
0.0
0.0
0.0
11.699091238809286
0.0
0.0
0.0
13.172201209170925
0.0
13.153220186195677
0.0
13.15273809447638
0.0
13.217173513070602
0.0
0.0
13.21190461310368
12.806937857979124
0.0
0.0
12.745226431474078
12.721396945457442
12.091601339490408
13.170596399243347
0.0
0.0
12.11990549055886
0.0
0.0
0.0
0.0
0.0
11.728909075724363
12.074674984826768
0.0
0.0
0.0
0.0
0.0
0.0
0.0
13.197949589412374
13.186018492087115
0.0
0.0
13.20162035525082
12.890086094764154
12.792923353990872
13.187170942455229
0.0
0.0
13.17289271911874
0.0
0.0
0.0
12.134254922282665
0.0
0.0
0.0
0.0
0.0
13.18289337943487
0.0
13.136093524949926
0.0
0.0
0.0
0.0
0.0
0.0
0.0
12.133846510479815
13.201678226316984
0.0
13.157099579374886
0.0
0.0
0.0
0.0
0.0
0.0
0.0
0.0
11.786094663118106
12.824360387886276
0.0
13.157127543494504
0.0
0.0
12.832233797378947
12.782561712485748
12.86636722145898
0.0
0.0
0.0
0.0
0.0
0.0
0.0
13.156949399790882
12.80623971143679
12.134264797010033
12.47539920802006
0.0
12.134357656953451
0.0
0.0
0.0
11.814204809473509
0.0
0.0
0.0
0.0
0.0
0.0
0.0
0.0
0.0
13.18381964971831
13.156239455804798
0.0
0.0
0.0
0.0
12.863772570599544
12.749810126103812
0.0
0.0
0.0
0.0
0.0
12.838083799540698
13.21316668562427
11.742135336355592
12.86167502751274
0.0
13.200745342285545
0.0
0.0
13.184885022431555
13.198321240833982
13.217874354952164
0.0
0.0
0.0
0.0
0.0
0.0
13.185038319174206
0.0
13.201491758536193
0.0
0.0
0.0
0.0
0.0
0.0
12.13466469604041
0.0
0.0
0.0
0.0
0.0
0.0
0.0
12.14930322621588
0.0
12.862077707753965
0.0
0.0
12.781676460817842
0.0
13.170755231611263
12.121282000205497
0.0
0.0
0.0
12.075943510242938
0.0
12.848675997942154
13.199406184700427
11.757701403375126
12.134859143143165
0.0
0.0
12.135139393633855
12.105132892988179
0.0
0.0
0.0
0.0
0.0
12.119828192503228
0.0
11.812791458620435
12.819932661921989
0.0
0.0
0.0
0.0
0.0
13.200331147152983
13.213667749988229
12.119552994837699
0.0
0.0
13.158758717455338
0.0
11.81513671872515
0.0
0.0
12.047568187632628
0.0
0.0
0.0
0.0
12.8197772524988
0.0
0.0
0.0
0.0
0.0
13.166092155423891
0.0
0.0
0.0
13.157796103810218
12.808655883109815
13.124391724932618
0.0
0.0
0.0
0.0
0.0
0.0
0.0
0.0
12.833149798709622
0.0
0.0
12.818955652224835
13.188770435295961
0.0
12.88973240369809
0.0
0.0
0.0
0.0
13.167260861691469
0.0
0.0
13.170750063279828
12.090122154596159
12.13526838917409
12.836520475333383
13.170146555875343
0.0
0.0
0.0
12.81146678856509
0.0
12.89068065323818
13.166243283413827
0.0
12.150547450788924
12.1494775854009
0.0
13.16982793345809
0.0
0.0
0.0
0.0
13.156400840748772
0.0
0.0
12.792464860888353
13.197016876636628
0.0
0.0
0.0
13.186782360733657
11.728049901747514
0.0
0.0
13.171790795256575
11.77147442365771
0.0
0.0
12.879141186200377
13.200177892930768
12.818031931044713
0.0
13.198100912810979
12.135341595134635
0.0
0.0
0.0
13.185960606512882
0.0
0.0
12.876803282863033
0.0
0.0
0.0
0.0
0.0
0.0
0.0
0.0
0.0
0.0
0.0
0.0
13.198961853585525
0.0
13.214766753932105
0.0
0.0
12.105707298824141
0.0
0.0
11.815169566395522
0.0
13.187480457894148
12.119918370874498
0.0
0.0
13.215733580736943
0.0
11.815620989638802
0.0
12.119936364023621
0.0
0.0
0.0
0.0
11.699643915700156
0.0
0.0
0.0
13.15522258781948
11.728295339722216
0.0
11.715199206957264
13.169858215722689
0.0
0.0
0.0
11.814937630069688
0.0
0.0
0.0
0.0
0.0
0.0
0.0
0.0
0.0
12.789696464050943
0.0
0.0
0.0
0.0
0.0
13.200459507128047
0.0
0.0
0.0
0.0
0.0
0.0
13.1993146926029
13.200709087367512
13.181938143016177
13.184682332313056
0.0
0.0
0.0
13.199464120851982
12.090656980117707
0.0
12.808231087851023
0.0
12.876597700555747
0.0
12.859644867059735
0.0
11.741484714353323
12.12171565847505
0.0
0.0
11.785794222903814
0.0
11.346998295958139
0.0
0.0
13.172688188633735
0.0
0.0
0.0
0.0
0.0
0.0
13.134363721232004
0.0
0.0
0.0
12.12088713503628
0.0
0.0
13.21626406465293
0.0
12.865616821013715
0.0
0.0
0.0
0.0
0.0
0.0
11.700356541144169
0.0
13.199808576692842
0.0
12.819275474069757
0.0
13.185220930527544
11.785539726452672
13.171742451913794
0.0
0.0
0.0
0.0
0.0
0.0
0.0
0.0
0.0
0.0
13.18681403724317
13.12148832150033
12.061747937057008
0.0
0.0
12.796262467133504
12.762874574682264
0.0
0.0
0.0
0.0
0.0
0.0
0.0
0.0
0.0
0.0
0.0
0.0
0.0
11.771719362436087
0.0
12.894226552885907
0.0
12.14979654957466
0.0
0.0
13.184895808255696
0.0
0.0
12.763398422497959
0.0
12.820081858924773
0.0
0.0
0.0
0.0
13.213471636640628
0.0
0.0
13.185377402023597
0.0
13.19944903027035
11.728934426285376
0.0
12.106006610692612
0.0
0.0
12.836660185083964
0.0
0.0
0.0
0.0
13.20125204810676
0.0
0.0
0.0
0.0
12.837303696654006
12.15005613351923
13.199505825907133
12.104685710368885
13.172284114942652
0.0
0.0
0.0
11.742709969417467
11.756558179197603
12.773571018621993
0.0
0.0
0.0
0.0
12.120092558858925
12.845431897142989
12.834054393079823
0.0
0.0
11.81410855942933
0.0
11.769376233397061
11.698399985265686
0.0
0.0
0.0
13.168470284773765
0.0
0.0
13.187261206944203
13.168494449111602
0.0
0.0
12.783038527246768
12.783684844451905
0.0
0.0
11.771488505300287
0.0
0.0
0.0
13.19829231386784
13.202818965950648
11.756971582398267
0.0
0.0
11.742887085963684
12.119951318713518
0.0
13.186514212624465
13.21630959253356
0.0
0.0
12.853058717359872
0.0
0.0
0.0
13.171446070660163
0.0
0.0
0.0
13.168101580940382
0.0
0.0
0.0
0.0
0.0
0.0
0.0
0.0
0.0
0.0
11.344862397036863
12.807194236998454
0.0
0.0
0.0
13.140535772689889
0.0
0.0
0.0
0.0
0.0
0.0
0.0
12.121378859765873
0.0
0.0
11.700293544953496
0.0
0.0
0.0
12.134563555410704
13.18759769691935
0.0
0.0
0.0
0.0
0.0
0.0
12.120118584223077
0.0
0.0
0.0
0.0
11.828843126338958
11.72685042804523
0.0
0.0
0.0
0.0
0.0
0.0
0.0
13.187050321769211
0.0
13.200627201665988
0.0
11.800155737889758
0.0
0.0
12.851084550729809
0.0
0.0
13.17054738919564
0.0
0.0
0.0
0.0
13.185563146961877
13.17022139337601
13.184460784270177
0.0
0.0
0.0
0.0
12.85156096978605
11.34461591253204
0.0
0.0
0.0
12.847853486912914
13.216288237198661
0.0
13.187366823842241
0.0
0.0
0.0
0.0
13.138391145177772
13.19653585992899
12.09045658015975
13.156776748976936
13.17080573634507
12.119214079304065
0.0
0.0
0.0
0.0
13.183051729950792
12.780313710179996
12.862600206261746
0.0
12.09045406776669
0.0
12.733768404246542
0.0
11.77114858388783
12.074857357223731
13.171834046608716
12.792466303743497
0.0
0.0
0.0
11.772623224126995
13.21549302350198
0.0
0.0
0.0
0.0
0.0
0.0
0.0
13.15693896127494
0.0
0.0
13.1847060117529
12.863119460312735
0.0
0.0
12.750085131203175
13.171271989044303
0.0
0.0
0.0
0.0
0.0
0.0
11.685895193413455
12.861289014634197
13.13438813148095
13.215004258716881
0.0
13.170230419094358
13.214721828948862
0.0
0.0
0.0
13.184932237496342
0.0
0.0
0.0
0.0
0.0
0.0
11.386098100416888
0.0
0.0
0.0
0.0
0.0
13.171479908408033
13.199740651246534
0.0
0.0
12.119871421976534
0.0
0.0
0.0
0.0
0.0
11.686605990112847
0.0
12.76206632341752
0.0
0.0
0.0
0.0
0.0
11.729189286094702
0.0
11.742814516171197
12.133831755667394
0.0
0.0
0.0
0.0
0.0
13.16885743420276
0.0
0.0
0.0
0.0
0.0
0.0
12.777133874881006
13.200175471740733
11.742043019626802
0.0
13.198783851721963
11.755316156124895
0.0
0.0
0.0
0.0
0.0
0.0
0.0
0.0
11.715094278998887
12.10440953150232
11.72894743806604
13.140200418262603
0.0
0.0
0.0
12.866840957531759
11.727058566041173
0.0
13.198426856893429
12.868221978634837
0.0
0.0
0.0
0.0
13.170452449961427
0.0
0.0
0.0
0.0
0.0
0.0
0.0
0.0
13.201213919911675
0.0
0.0
12.07459666568613
0.0
0.0
0.0
12.120114062919354
0.0
12.134994239444017
0.0
0.0
0.0
0.0
0.0
13.12367882032496
0.0
12.120615888160991
13.187744445076108
12.775701644223787
0.0
0.0
0.0
0.0
0.0
0.0
0.0
0.0
0.0
0.0
0.0
0.0
0.0
0.0
0.0
0.0
0.0
0.0
0.0
0.0
13.20038253959086
12.105567217709787
0.0
0.0
0.0
0.0
0.0
0.0
13.217481274250495
0.0
0.0
0.0
0.0
12.810176391417935
0.0
0.0
0.0
13.202506120864683
0.0
0.0
0.0
0.0
0.0
0.0
12.82136163111691
0.0
0.0
13.187699279136591
13.199486497144482
0.0
0.0
0.0
0.0
0.0
11.714188671890803
0.0
0.0
0.0
11.757529561377334
0.0
0.0
0.0
0.0
0.0
12.794502812201515
12.849002140065274
0.0
0.0
0.0
0.0
12.82393321408012
0.0
13.15687524230974
13.155809213692907
0.0
0.0
12.818702610912899
0.0
0.0
12.120481846456839
12.119867258694699
0.0
13.217204950491357
0.0
0.0
0.0
0.0
0.0
12.090549247108747
0.0
0.0
0.0
0.0
12.150033249036445
0.0
12.74757137242341
11.771080891599581
0.0
12.820261486290208
0.0
0.0
12.135246244668208
12.12009999190638
0.0
12.119810402472556
0.0
13.217505643978388
0.0
0.0
0.0
0.0
0.0
0.0
0.0
0.0
0.0
0.0
13.199051909142
12.831544102370692
0.0
0.0
0.0
0.0
0.0
0.0
0.0
0.0
13.152990079694332
13.171200141187782
0.0
13.134783435995557
13.199669685380183
0.0
11.728772399019332
0.0
0.0
0.0
0.0
0.0
11.743617138873553
0.0
12.10513411721678
0.0
0.0
0.0
0.0
0.0
0.0
0.0
11.743599847651513
0.0
0.0
0.0
13.214643546342934
0.0
11.758126966068634
12.818921069123965
0.0
13.200461469694535
0.0
0.0
0.0
0.0
12.807439982285919
13.156309304537592
12.060986152807999
0.0
11.771641309666887
0.0
13.187605311219206
12.831953888138711
0.0
0.0
12.821225987575191
13.170361648622693
0.0
0.0
0.0
0.0
0.0
0.0
12.106014565159281
12.876298431995258
12.864982868751078
0.0
12.090263600872607
13.186134092272344
0.0
0.0
13.167472766432775
12.845353613450259
0.0
0.0
0.0
0.0
0.0
0.0
0.0
0.0
0.0
13.122802404128207
13.184616720076942
0.0
0.0
11.75690831969055
0.0
13.155833532551442
12.836829018996973
0.0
0.0
0.0
0.0
0.0
12.120123895886898
0.0
0.0
12.105071890266549
0.0
13.168804890323326
0.0
12.748597153767404
0.0
0.0
0.0
0.0
0.0
13.186002748847596
0.0
0.0
11.77131498454349
0.0
0.0
12.104568808839904
13.169333968532694
0.0
0.0
0.0
13.185023251966856
0.0
0.0
0.0
0.0
0.0
13.167500948625944
0.0
0.0
0.0
12.874488840617163
12.119101237280976
0.0
0.0
0.0
11.81360935928015
0.0
0.0
0.0
0.0
0.0
12.13514136650913
0.0
0.0
0.0
0.0
12.461528174267967
0.0
0.0
0.0
0.0
0.0
0.0
0.0
11.786165989529243
0.0
0.0
13.202022678275704
0.0
0.0
0.0
0.0
0.0
11.785477120046387
0.0
0.0
11.699776176128594
0.0
12.104994246087225
0.0
12.79443380542496
13.215578208086889
12.134311274514506
0.0
0.0
0.0
0.0
13.158978145831522
0.0
0.0
12.823027216089892
0.0
0.0
0.0
0.0
13.181706621181757
13.217907546145119
11.772107432254348
13.155023319955701
13.170384397423277
11.728784585769287
0.0
12.1205152269389
13.196291412445035
12.835670994324756
0.0
0.0
0.0
0.0
0.0
11.800819984579984
0.0
0.0
0.0
0.0
0.0
0.0
12.135158246438772
12.874228754778965
12.807400143476993
0.0
0.0
13.202299410058243
0.0
0.0
0.0
0.0
12.090216653972933
0.0
0.0
0.0
0.0
0.0
0.0
13.1582837852917
0.0
0.0
13.211622763793489
13.186667968154016
0.0
0.0
0.0
0.0
0.0
0.0
0.0
0.0
0.0
0.0
13.201475067160464
0.0
12.84906021523776
0.0
12.074788599276676
0.0
0.0
12.85744529261147
0.0
0.0
0.0
13.182340820616515
0.0
0.0
0.0
12.906243279136485
0.0
12.906145561891893
0.0
13.218458427552214
0.0
0.0
12.819831569666041
0.0
13.153348783001853
0.0
0.0
0.0
0.0
12.119733161228497
0.0
12.879356762457222
0.0
12.87336481114659
0.0
0.0
0.0
0.0
12.84915432049629
0.0
0.0
0.0
12.864602579325007
0.0
12.795179283018767
13.201684054235043
13.184166938023512
0.0
12.8806355732445
0.0
0.0
11.758201962147336
0.0
12.09153820196862
12.822102065889403
13.18720442721968
0.0
0.0
13.187713114009776
0.0
0.0
0.0
0.0
0.0
13.154562252979826
12.808756041701999
0.0
0.0
11.800520486783853
12.819469555834042
0.0
0.0
0.0
0.0
0.0
11.772627645629747
0.0
0.0
0.0
0.0
0.0
0.0
12.822061605117964
0.0
0.0
13.187722205055763
0.0
0.0
12.836782175029638
13.20063436465383
0.0
0.0
0.0
12.13619701535315
0.0
0.0
0.0
0.0
0.0
0.0
12.104943549299502
12.119137014115974
0.0
11.756934007937277
0.0
0.0
12.809916134188212
0.0
0.0
0.0
0.0
13.166918311396453
0.0
0.0
0.0
11.78593213885041
0.0
12.865928864760114
11.714222815408363
0.0
0.0
13.183645286526321
13.187536861245329
12.823409886756034
12.823067929966289
0.0
0.0
12.87824202676664
0.0
0.0
12.807701389476886
13.172487946072073
13.18519763818345
11.728782748457432
0.0
0.0
0.0
0.0
0.0
0.0
0.0
12.09131109145278
13.136057911400247
0.0
0.0
13.187082914727595
0.0
0.0
0.0
0.0
0.0
13.213137208319132
12.462375919090913
12.848478234391369
0.0
0.0
12.090041700540638
0.0
0.0
0.0
13.217764102918467
0.0
12.090442587068594
13.19779000308099
0.0
0.0
0.0
0.0
0.0
0.0
0.0
11.786966462345667
0.0
0.0
0.0
0.0
0.0
0.0
12.831428174874159
0.0
11.700538834477777
0.0
0.0
0.0
0.0
0.0
0.0
12.076204705026514
12.829199887112575
13.187136539097738
12.763954764227105
0.0
0.0
0.0
0.0
0.0
0.0
0.0
0.0
13.201862307870721
12.11986649416874
0.0
0.0
0.0
0.0
0.0
0.0
0.0
12.074744148575746
13.183390406567778
0.0
12.120323578399013
12.816962233575108
0.0
0.0
0.0
13.172002753493144
13.188011015021276
0.0
0.0
13.1555445782905
12.061095524275249
13.168615137852312
0.0
0.0
11.713963811549757
13.196710442457604
0.0
0.0
12.838593040277377
0.0
0.0
0.0
0.0
0.0
0.0
0.0
12.862272684098318
0.0
0.0
11.744263038200879
0.0
0.0
13.202257129254914
0.0
0.0
0.0
12.81100562327598
0.0
0.0
0.0
11.714053011467627
0.0
0.0
0.0
0.0
0.0
0.0
0.0
13.217649774790301
0.0
0.0
0.0
0.0
0.0
0.0
13.171944075494652
0.0
0.0
0.0
0.0
13.17126765724451
12.82091947860222
0.0
0.0
0.0
0.0
0.0
0.0
0.0
0.0
0.0
0.0
0.0
0.0
11.800049567735492
0.0
0.0
11.728050742415078
12.104851713702798
0.0
0.0
13.199774814285824
0.0
0.0
0.0
0.0
0.0
12.795480609989939
0.0
0.0
0.0
0.0
0.0
0.0
12.807169666470147
0.0
0.0
0.0
0.0
0.0
0.0
0.0
12.836778707326944
13.185747929861376
0.0
0.0
12.880544062682223
0.0
13.169935710290545
12.747635718306013
0.0
12.106313977689226
0.0
11.400400180815994
12.88873259811595
0.0
0.0
13.185540552522696
0.0
13.166386571775845
13.186380291496212
0.0
0.0
13.184935907172083
0.0
0.0
0.0
0.0
0.0
11.757876518350697
0.0
0.0
12.13512976808067
0.0
0.0
0.0
0.0
0.0
0.0
0.0
0.0
0.0
0.0
12.074695068435563
12.105888864271002
0.0
0.0
13.171823708112326
0.0
0.0
0.0
13.186698194190393
0.0
0.0
12.81165923997958
13.187113863275941
0.0
0.0
0.0
13.196332846342028
0.0
0.0
0.0
11.715014132984534
0.0
13.155983503987363
0.0
0.0
12.12009858903638
0.0
0.0
12.135101759117331
12.848427527853348
12.105012589015553
0.0
0.0
0.0
0.0
0.0
13.212361883845055
0.0
12.901976554030398
13.152915988148012
0.0
0.0
0.0
0.0
0.0
13.186107519213367
12.90633321723231
13.17284715606435
0.0
0.0
11.83039450473005
0.0
0.0
0.0
0.0
0.0
13.172172073837165
0.0
0.0
0.0
0.0
13.199171149094058
13.186437250844158
11.814340938713412
12.834267971052439
0.0
0.0
0.0
0.0
13.183184386367477
12.090489178189593
0.0
0.0
11.799492111970759
0.0
13.18775184126769
0.0
0.0
0.0
0.0
0.0
13.136643872044704
12.07474277498649
13.198928976963286
0.0
0.0
0.0
0.0
11.743921667559745
0.0
0.0
0.0
13.216904380939441
0.0
0.0
12.847521143205547
12.809379920375353
0.0
13.187867497286367
0.0
0.0
0.0
0.0
0.0
0.0
0.0
0.0
0.0
13.202549034009028
0.0
0.0
0.0
0.0
0.0
0.0
11.800199707175594
13.187376752916762
0.0
0.0
12.135054068970756
0.0
0.0
13.183307991001033
0.0
0.0
12.878378137038709
13.13761917468895
12.121227714569018
0.0
12.878465114760878
0.0
0.0
0.0
0.0
0.0
0.0
0.0
0.0
13.213991392851861
12.822049957441523
12.849717429335008
0.0
13.199771071190025
0.0
0.0
12.879832654118044
0.0
13.183276101541653
0.0
0.0
12.848958222331301
0.0
0.0
0.0
13.120439018794768
12.13380330020606
0.0
0.0
0.0
0.0
0.0
0.0
13.170855592070083
0.0
0.0
0.0
0.0
0.0
12.864848393268074
0.0
0.0
0.0
0.0
0.0
13.156887351219657
0.0
11.728840424923575
0.0
0.0
13.153802299147634
0.0
0.0
12.133972503157233
0.0
0.0
13.15199774046981
0.0
0.0
0.0
0.0
13.170874892393496
0.0
0.0
0.0
13.213205072919445
0.0
13.185574919507916
0.0
0.0
13.200637366838116
0.0
12.871647525931872
13.15708367294522
0.0
12.119921006951
0.0
0.0
0.0
12.105066275755307
13.13996055529868
0.0
0.0
0.0
0.0
12.104956064841893
12.09003187604799
0.0
0.0
12.808705253656624
0.0
0.0
0.0
0.0
0.0
13.199486858498608
0.0
12.77639343707903
0.0
13.16776959002534
13.195206184301957
0.0
0.0
0.0
12.847607254965
0.0
0.0
0.0
13.200127096492828
0.0
0.0
0.0
0.0
11.425479599997558
0.0
0.0
12.090582835083122
0.0
0.0
0.0
0.0
12.12037295511927
0.0
0.0
0.0
0.0
0.0
0.0
0.0
0.0
11.785847178573675
0.0
0.0
0.0
0.0
0.0
0.0
12.104727649186438
0.0
0.0
0.0
0.0
0.0
0.0
0.0
11.757697081655591
0.0
0.0
0.0
0.0
0.0
0.0
12.150829172801977
0.0
0.0
0.0
0.0
0.0
0.0
0.0
13.18514466115687
0.0
13.197781359473655
0.0
0.0
0.0
0.0
0.0
0.0
0.0
13.185415377813127
13.217255554929858
11.799348787522279
12.13388880607861
0.0
0.0
13.201081611394287
12.804601792945963
12.493107441284788
12.106033876854408
0.0
12.13518271723083
0.0
0.0
11.814287808417498
0.0
13.121470021606264
0.0
13.169079027949547
0.0
0.0
13.15759679151839
12.135160143446717
0.0
0.0
0.0
0.0
12.845188116628771
0.0
0.0
12.14920167354065
0.0
12.149501413808428
0.0
0.0
12.104985665380113
0.0
13.196392322902975
0.0
0.0
0.0
11.873439208667463
0.0
0.0
0.0
0.0
13.141278705952072
13.199883224600294
0.0
0.0
13.197295520195128
12.134038470030218
0.0
0.0
13.217114305361784
12.504285485104264
0.0
13.199690492685601
0.0
0.0
0.0
0.0
12.134768387241728
0.0
0.0
13.12552424026869
0.0
0.0
0.0
13.184555765910353
11.757398184117756
0.0
13.185050764069718
13.156123066744135
0.0
13.200630266615343
12.120231567884234
0.0
0.0
0.0
13.216170156872417
12.893331910578631
0.0
13.12279117663185
0.0
0.0
0.0
12.920875448878371
0.0
12.878399185422843
13.170827451772347
13.156025333297526
0.0
0.0
0.0
12.150825471208012
0.0
0.0
12.149738116673028
0.0
0.0
13.155877530934553
0.0
0.0
0.0
0.0
0.0
0.0
0.0
12.104650577271917
12.09061332339326
12.891045642471765
0.0
0.0
0.0
0.0
12.845224993188108
0.0
12.73379392218542
0.0
0.0
0.0
0.0
12.134225083364203
0.0
12.860499598722672
11.699565295818784
0.0
12.875116253730596
0.0
0.0
0.0
0.0
13.169032644243613
0.0
0.0
0.0
11.36031869090941
0.0
0.0
11.728885140435459
0.0
12.86194768093544
0.0
13.213704271921879
0.0
0.0
0.0
0.0
12.848316284932526
0.0
12.135126067437392
13.107230361180283
0.0
12.838162603457448
12.906986599459115
13.1844964575934
0.0
0.0
0.0
13.157361451443247
0.0
0.0
0.0
0.0
11.756883076277107
0.0
0.0
0.0
12.85172143083
0.0
0.0
0.0
13.157013412721335
0.0
0.0
11.715110464265738
0.0
12.12020057443011
12.878342501200072
0.0
0.0
0.0
0.0
0.0
13.170920756879175
13.172017513091674
13.201619646225248
13.137969555267723
0.0
11.742290952517806
0.0
0.0
13.216195386637962
11.742871560470853
0.0
0.0
13.170795302827507
0.0
0.0
0.0
0.0
0.0
0.0
0.0
11.756672743215239
11.799482831711721
0.0
0.0
11.685294648126531
11.756834411351903
11.699523298055261
11.729154203825503
13.199119689161067
12.84615940524287
0.0
11.784526607570609
0.0
0.0
0.0
0.0
0.0
0.0
0.0
13.183760395091994
0.0
13.15739365964688
0.0
0.0
13.216371447374492
13.203235405020592
0.0
11.728386743356486
0.0
13.170796928513333
0.0
0.0
0.0
13.199532335169044
12.845433937408256
0.0
0.0
12.889159185269472
0.0
13.197539705693979
0.0
0.0
0.0
0.0
0.0
0.0
0.0
13.199689757229315
13.187350219072494
0.0
0.0
0.0
0.0
0.0
0.0
13.153520181400193
0.0
0.0
12.135231827113143
0.0
0.0
11.714094554910531
0.0
0.0
13.217925526269335
0.0
0.0
13.184543888693334
0.0
0.0
0.0
12.795111866338935
13.156034870117988
13.178660922626818
12.763706653944588
0.0
12.13397232450079
0.0
0.0
0.0
0.0
0.0
13.213660431485057
13.15584775942803
12.794599238341991
0.0
0.0
11.844636941728595
0.0
0.0
0.0
12.119707234119803
0.0
0.0
12.149906907769022
0.0
11.770860660071728
0.0
0.0
12.149534191777706
0.0
13.171099135082386
0.0
13.184545477076647
0.0
0.0
0.0
0.0
12.823745457426668
0.0
0.0
12.907005362105421
0.0
13.172818619567169
0.0
13.200768373373768
12.791715945853445
0.0
13.187685596612996
0.0
12.075822747885036
0.0
0.0
0.0
0.0
0.0
0.0
0.0
13.15419034148239
0.0
12.120016847495991
0.0
0.0
0.0
0.0
0.0
0.0
0.0
0.0
0.0
0.0
0.0
0.0
12.833679494053097
0.0
0.0
0.0
12.820793735700562
0.0
0.0
0.0
0.0
0.0
0.0
0.0
0.0
0.0
12.861206561638435
0.0
0.0
0.0
0.0
0.0
0.0
0.0
12.150654242385828
0.0
11.744568613482507
12.151288174686833
0.0
0.0
0.0
0.0
0.0
13.215114595182575
0.0
0.0
12.089998789013302
0.0
0.0
11.74216331865414
0.0
0.0
0.0
0.0
0.0
0.0
13.169833870750187
0.0
13.171098382828692
0.0
0.0
12.134316066776265
0.0
13.169623689161423
12.105111397305693
0.0
0.0
0.0
0.0
0.0
12.875485596009804
0.0
0.0
0.0
0.0
12.850303493177146
0.0
12.134829938175605
0.0
0.0
0.0
0.0
0.0
13.183625108800452
0.0
0.0
11.78715409661865
13.155411006686379
0.0
0.0
12.792667810226455
0.0
11.700240441834525
13.171749082946691
12.792382346162345
0.0
0.0
0.0
0.0
0.0
0.0
12.120365359063713
0.0
13.202460981990349
0.0
0.0
0.0
0.0
0.0
0.0
0.0
0.0
0.0
13.201981141332025
13.170530248252813
0.0
11.728938595964491
0.0
13.154391661548106
12.896641190494762
0.0
0.0
11.699501143723344
0.0
12.783017416978177
0.0
13.187574773821025
13.123122609270755
12.14943462273445
0.0
11.742663217725566
0.0
0.0
11.757513547640226
0.0
0.0
0.0
0.0
13.181259060788308
11.786142595465536
0.0
12.104767158557534
0.0
13.157594846525981
13.171498993813318
0.0
0.0
0.0
12.797670292102515
0.0
12.879766257961597
13.169821042853773
12.120425056834033
13.153672268964803
0.0
0.0
0.0
11.829718257783048
0.0
0.0
0.0
0.0
0.0
0.0
12.150065231063623
0.0
12.104811773057286
0.0
0.0
11.715160381732366
13.155134155150952
0.0
0.0
0.0
12.795785466040154
0.0
0.0
0.0
0.0
0.0
0.0
0.0
12.104614114750875
0.0
0.0
13.201890823919046
11.715353259349033
0.0
0.0
12.11968330290961
12.13456899817056
0.0
0.0
11.85961005741846
13.216202052743673
0.0
0.0
0.0
0.0
12.735506730764971
12.865630302796058
0.0
0.0
12.819520590819133
0.0
0.0
12.781904912164789
0.0
0.0
0.0
0.0
0.0
13.157398022652531
11.785551275755953
0.0
0.0
11.685971887427037
0.0
12.134996093302643
0.0
0.0
0.0
12.09055919437731
0.0
11.771619576149554
12.150728396413747
0.0
0.0
0.0
0.0
0.0
13.187605731870542
11.700566318129349
0.0
12.875486325799793
0.0
0.0
0.0
0.0
0.0
12.150951234087291
0.0
12.732253185863238
0.0
0.0
0.0
0.0
0.0
0.0
13.196300237738841
12.105648309756676
13.21558580440466
0.0
0.0
12.877182864570864
0.0
13.201695160005421
13.170209706821995
0.0
0.0
11.75694880299015
0.0
0.0
0.0
11.800249100259318
0.0
0.0
0.0
0.0
0.0
0.0
0.0
0.0
0.0
0.0
12.090158312980634
0.0
0.0
0.0
0.0
0.0
0.0
12.105161014771499
0.0
0.0
0.0
0.0
0.0
0.0
0.0
12.134314244575911
13.184054294837164
12.150586639854836
13.21382973938863
0.0
0.0
0.0
0.0
13.186937662752825
0.0
12.824798338680369
0.0
0.0
0.0
0.0
11.771588180998535
13.172635250517558
0.0
0.0
12.83284254732619
0.0
12.876167161525496
11.72810035588511
0.0
13.17106109705889
0.0
0.0
11.71536467013723
0.0
0.0
12.747590441741293
0.0
12.893258997741755
0.0
12.150958589108795
0.0
0.0
13.10738151566849
0.0
0.0
0.0
0.0
0.0
0.0
0.0
0.0
12.150150122556077
0.0
0.0
0.0
0.0
12.84899352733963
0.0
13.171454194118965
11.728059117750583
0.0
0.0
13.167194252152873
0.0
0.0
0.0
0.0
12.10599637493655
0.0
0.0
0.0
12.104749212729804
0.0
0.0
12.80699134993115
0.0
0.0
0.0
0.0
12.119477213522083
0.0
0.0
0.0
12.076290789902597
0.0
0.0
0.0
0.0
0.0
0.0
0.0
0.0
0.0
12.104837882679261
12.103446155943217
0.0
0.0
13.167404725228131
0.0
11.756598011025954
0.0
13.139803652177688
11.728486706120757
0.0
13.196772938184491
11.728877882546149
13.153537140489473
0.0
0.0
0.0
0.0
12.135260747103322
12.120094744416237
0.0
0.0
0.0
0.0
0.0
11.81441579212298
0.0
0.0
0.0
13.187499266285716
12.120137634289579
0.0
0.0
0.0
0.0
0.0
11.785962597561399
13.171943874527635
12.074624148460373
0.0
0.0
11.713636974642181
0.0
0.0
0.0
0.0
0.0
12.864917746227853
0.0
0.0
0.0
0.0
12.904980924796181
13.213731435353473
12.089903766629707
0.0
0.0
0.0
0.0
0.0
0.0
0.0
0.0
0.0
11.71503168352012
12.07589734171631
0.0
0.0
0.0
12.890402524720248
13.156460130349931
0.0
0.0
0.0
0.0
0.0
11.70092160483929
0.0
0.0
0.0
12.13515106503675
0.0
12.850393360253303
0.0
11.801706273289728
13.15337422651065
12.119986460194792
0.0
0.0
0.0
0.0
0.0
13.215861758026199
0.0
0.0
0.0
0.0
0.0
0.0
0.0
12.79512264009377
0.0
0.0
0.0
0.0
0.0
0.0
13.198539295656067
0.0
0.0
0.0
0.0
0.0
0.0
12.836007794970158
12.105878140208903
0.0
0.0
0.0
0.0
11.8158207120631
0.0
0.0
12.796952587341403
0.0
13.156801348124095
13.152585375196653
13.200229602296202
0.0
0.0
0.0
0.0
0.0
13.198473362664807
12.844646969170329
0.0
12.11974354607766
11.815378963840427
0.0
13.186429079010136
0.0
12.80570972092997
12.907528237867034
13.155794703082856
13.170823324977675
0.0
11.814690651833853
0.0
13.18253513713077
11.843850207158338
0.0
0.0
0.0
0.0
0.0
0.0
12.84809536009802
13.186744731465856
0.0
13.184677001890883
0.0
0.0
0.0
0.0
0.0
13.201692333560835
0.0
0.0
0.0
13.201572653961719
12.865418922138119
0.0
0.0
0.0
12.149742425905004
0.0
0.0
0.0
0.0
11.785545133885654
0.0
0.0
11.72752492531834
0.0
0.0
13.17060453415043
0.0
0.0
0.0
0.0
12.906123624167353
13.18524274547883
11.784647326596607
0.0
0.0
13.17352063587708
0.0
0.0
13.215635451723388
12.906501721776815
11.829742098179386
0.0
0.0
0.0
0.0
0.0
0.0
0.0
0.0
13.200025207511105
12.134555969772325
0.0
0.0
0.0
0.0
0.0
0.0
12.811681912528638
0.0
0.0
0.0
0.0
0.0
13.139298616720943
0.0
0.0
0.0
0.0
0.0
0.0
13.181849811680657
0.0
13.216421981993781
12.120027108753478
0.0
13.20174703198248
0.0
13.183853038488166
12.090056368668424
13.172241338182994
0.0
0.0
12.873697030234311
0.0
12.075442605667018
13.201669416264476
0.0
0.0
11.756661792933999
0.0
13.217924991136059
0.0
0.0
12.866966347289965
0.0
12.906674543086618
0.0
0.0
0.0
0.0
12.791927020439978
12.86432100211103
0.0
13.17030749075281
0.0
12.904904352215281
13.216083772021646
13.172585223172323
0.0
13.200074471739223
12.135280749635804
11.786138102373473
0.0
13.199571930925595
13.140082817483426
12.120243590645972
13.138391445373081
13.187126239583607
13.15810130166128
0.0
11.814994466257888
0.0
0.0
0.0
12.794581091095282
0.0
0.0
0.0
0.0
0.0
13.154962728219468
0.0
0.0
0.0
0.0
0.0
0.0
0.0
0.0
12.14996317241516
0.0
0.0
12.865799770941228
0.0
0.0
0.0
0.0
0.0
13.184015448828838
0.0
0.0
0.0
11.77240452364548
0.0
0.0
0.0
0.0
0.0
13.196617527413508
0.0
0.0
12.090714978198612
0.0
12.120214497061303
0.0
11.713830300272736
0.0
0.0
13.186900521527042
12.847457042350788
0.0
0.0
13.202099415476718
0.0
0.0
12.135637430761633
0.0
13.123340887031999
0.0
12.08976442106022
11.801636662553708
13.202007539452216
0.0
0.0
0.0
0.0
12.83268415407655
0.0
0.0
0.0
0.0
13.216073923419733
0.0
13.214120744843806
13.21750369212637
13.18705047912353
0.0
13.188065049173165
0.0
0.0
0.0
0.0
13.183149863554766
12.84483957633342
0.0
0.0
11.77086021653737
0.0
0.0
0.0
0.0
13.123098038801835
0.0
12.135627715128269
0.0
12.090067968891745
12.090176654234263
12.118776258179926
0.0
0.0
0.0
0.0
12.119745345566955
11.742778031690975
0.0
0.0
13.186158209265933
0.0
0.0
0.0
0.0
11.687463457172608
0.0
11.815483039866326
13.184431647544363
13.185157435737754
11.728378112440323
0.0
0.0
0.0
12.09048939805475
0.0
12.13550150184162
0.0
0.0
0.0
0.0
12.809935239862297
13.171749856083776
0.0
0.0
0.0
13.172781959666146
0.0
0.0
0.0
0.0
0.0
0.0
12.79139991620249
0.0
11.75615493981953
12.877068582134916
0.0
12.819261948625035
0.0
0.0
0.0
0.0
0.0
0.0
0.0
0.0
0.0
12.120203358478932
12.119699821683879
0.0
0.0
0.0
0.0
0.0
0.0
0.0
0.0
0.0
12.819327429553017
0.0
0.0
0.0
13.216736277210192
0.0
0.0
0.0
0.0
11.772208804261624
0.0
0.0
0.0
12.133931193913645
11.742072766081506
12.850759071799242
13.141308652461454
12.837071796487512
0.0
0.0
0.0
0.0
0.0
12.076392589665513
0.0
11.800531946028265
0.0
0.0
0.0
0.0
12.806499011593255
0.0
0.0
12.092855174697151
0.0
0.0
12.135348154314185
0.0
0.0
12.105055072418269
13.133993613334212
12.836975251492877
0.0
12.875619313311288
12.806463746630191
13.215684241788146
0.0
0.0
0.0
0.0
0.0
11.727477398182456
0.0
13.16940535122079
0.0
12.120458995219035
0.0
13.200265292967535
11.728604122468917
0.0
0.0
0.0
0.0
13.187500056429721
12.105030519673527
0.0
0.0
0.0
0.0
12.074806585948604
0.0
12.135225959735791
0.0
0.0
0.0
13.185827557033893
0.0
0.0
0.0
0.0
0.0
0.0
0.0
0.0
0.0
0.0
0.0
13.187595497213778
11.785642682834752
0.0
12.08978539773217
0.0
0.0
0.0
0.0
0.0
0.0
0.0
0.0
0.0
0.0
0.0
0.0
0.0
13.172902616093712
0.0
0.0
0.0
0.0
0.0
0.0
0.0
13.166143169049496
12.778028401502644
13.182765599198353
0.0
0.0
0.0
0.0
0.0
0.0
0.0
0.0
0.0
13.199732575798336
0.0
0.0
0.0
0.0
0.0
13.16759285677999
0.0
12.822135268054426
0.0
0.0
0.0
0.0
11.843192483994171
0.0
13.122483993150599
0.0
0.0
0.0
0.0
12.13430974326361
0.0
0.0
0.0
0.0
0.0
0.0
12.847447755832809
12.090466655803628
13.182724264444996
0.0
0.0
13.200722548225299
0.0
0.0
13.188122361200335
0.0
12.106028545520545
0.0
13.153865747436107
0.0
0.0
0.0
0.0
0.0
13.166948556945894
0.0
0.0
0.0
0.0
0.0
0.0
12.821576114949004
0.0
0.0
0.0
0.0
0.0
11.742118886372804
0.0
11.742891843795418
0.0
11.799111681269315
0.0
12.805451531114507
0.0
0.0
0.0
0.0
13.165754654010405
0.0
13.215977868936276
0.0
0.0
0.0
0.0
0.0
0.0
12.501412684508745
11.74338423826174
13.169510947745543
0.0
13.201975874302574
0.0
0.0
0.0
0.0
13.21527030525771
13.184149185277377
0.0
13.198245567446143
0.0
13.119274738378524
13.200435678201842
0.0
11.815319446930877
0.0
0.0
0.0
13.186255337244646
0.0
0.0
0.0
11.727583485248376
0.0
12.135405555162349
0.0
13.159129003123965
13.201088396891365
0.0
0.0
0.0
13.156396374154966
0.0
12.860890657906353
0.0
13.202951764818538
0.0
0.0
0.0
13.186363406589795
0.0
13.186801321910414
0.0
0.0
0.0
0.0
0.0
0.0
0.0
0.0
13.186327265712489
12.794191963347439
0.0
0.0
13.214327819764275
12.105705988056263
0.0
0.0
13.19792060837281
13.155717331741434
0.0
0.0
13.140063503048571
0.0
13.199111136275581
0.0
0.0
12.12009083153087
0.0
11.699559372412633
11.728397120382724
0.0
0.0
0.0
0.0
0.0
12.090689587227406
0.0
12.091632534340146
0.0
12.089830138025995
13.200534491494826
0.0
0.0
0.0
0.0
0.0
0.0
0.0
0.0
0.0
0.0
0.0
0.0
0.0
0.0
0.0
0.0
0.0
0.0
13.217570955371576
0.0
12.120217577606399
0.0
12.090473413163226
0.0
12.807460842547268
13.172001404774134
13.13683044736399
12.794302315854072
0.0
12.819857520895683
12.133808798029436
12.106162972298774
0.0
0.0
11.44062390525988
0.0
0.0
0.0
0.0
0.0
0.0
0.0
13.156484042485761
13.216664438605209
13.15740709443951
0.0
0.0
0.0
0.0
13.136556208045812
13.186753581663998
13.2006679211616
0.0
12.817517301727898
13.186080379319694
0.0
0.0
12.104408160422674
13.183915472333922
12.835050913998241
0.0
0.0
0.0
11.72819308791231
0.0
13.187906687448649
0.0
0.0
0.0
0.0
13.141158044319006
0.0
0.0
0.0
12.790803906666298
0.0
12.090440736642009
13.213099910213879
12.490579601794032
0.0
0.0
0.0
12.80496927475351
0.0
0.0
0.0
0.0
0.0
0.0
0.0
0.0
0.0
0.0
0.0
12.135315415861228
0.0
13.21743821970163
13.123637652411546
0.0
0.0
13.197523932633857
0.0
0.0
0.0
13.184343198016045
0.0
0.0
12.105499323575344
13.20212509103703
12.866635537740114
0.0
12.8368864438715
0.0
0.0
0.0
0.0
0.0
13.200546967568053
0.0
0.0
12.913444251156713
0.0
0.0
0.0
0.0
13.217466751446727
12.8441579559886
0.0
0.0
0.0
0.0
0.0
0.0
0.0
0.0
0.0
0.0
13.172269565215242
0.0
0.0
0.0
0.0
0.0
0.0
0.0
13.200992416549994
13.17102229463005
0.0
0.0
13.170958371206865
0.0
12.811209302120083
0.0
0.0
0.0
0.0
0.0
13.13712428223939
0.0
0.0
12.748470063061312
0.0
0.0
13.185936709986132
0.0
0.0
11.758069974151221
0.0
0.0
0.0
0.0
0.0
13.151215775486644
0.0
13.155590353325215
0.0
13.168680432402912
11.344975628943349
0.0
0.0
11.756885645356286
0.0
0.0
0.0
0.0
13.198717184919962
13.16848686467565
0.0
0.0
0.0
0.0
0.0
0.0
12.819580161858493
0.0
0.0
13.180027440477106
12.120293008571139
0.0
13.216618122447382
12.837818737971446
0.0
0.0
0.0
0.0
0.0
0.0
0.0
0.0
0.0
0.0
0.0
0.0
11.345871646753855
11.799621453878055
11.333683768317044
0.0
0.0
0.0
0.0
0.0
13.15240468340364
0.0
0.0
0.0
0.0
0.0
13.171117087878358
0.0
12.839304028506971
12.83504993343161
0.0
0.0
13.157884367899523
11.714378483847034
0.0
12.13452970398839
0.0
0.0
0.0
0.0
0.0
0.0
0.0
0.0
11.77223249211851
0.0
0.0
0.0
0.0
0.0
12.833291263322277
0.0
0.0
12.847848158243638
0.0
11.757465223412934
0.0
0.0
0.0
0.0
0.0
0.0
0.0
0.0
0.0
0.0
12.076214362409207
0.0
0.0
0.0
0.0
13.187136567161895
11.8004341156987
11.81554855774092
13.136946556346665
11.785816636986809
0.0
0.0
12.847959721310591
11.799362416562131
0.0
13.138199609504365
12.149860604659475
0.0
0.0
0.0
12.906639362096504
0.0
0.0
11.756683420889486
0.0
0.0
13.183742026946755
0.0
0.0
12.907802577316344
0.0
12.090537506402253
13.19752237043502
13.171298965571962
0.0
0.0
0.0
0.0
0.0
0.0
0.0
0.0
0.0
13.135092924333735
0.0
0.0
12.119383767698139
12.866500818560256
12.835694268400893
0.0
0.0
0.0
0.0
0.0
0.0
0.0
0.0
0.0
0.0
12.876138609405858
0.0
0.0
0.0
0.0
11.728045272114016
12.717234890050396
0.0
13.170238831608017
0.0
0.0
13.184853176279038
12.10511248511068
12.891953393178442
12.794275372075457
0.0
0.0
0.0
0.0
0.0
0.0
0.0
0.0
0.0
0.0
13.1702593211951
0.0
0.0
13.187310984740222
12.777546433230155
13.171308387447718
0.0
13.12290202265797
12.074739902869531
0.0
13.156011707190189
12.81931379768997
13.21707179809484
13.12281974864139
13.18759390460281
0.0
0.0
12.105120639400637
0.0
12.150179736557506
0.0
12.090034618124655
0.0
0.0
0.0
0.0
0.0
12.853891662478386
0.0
0.0
13.170867443203568
0.0
0.0
0.0
0.0
0.0
13.18293707905265
0.0
0.0
12.14926133533762
0.0
0.0
0.0
0.0
0.0
0.0
0.0
0.0
0.0
0.0
13.199537524159437
0.0
13.200592751827068
0.0
0.0
0.0
0.0
0.0
12.815946130132588
13.170664410599064
0.0
13.184618152359665
0.0
0.0
0.0
0.0
13.17029558911739
0.0
0.0
0.0
12.046077443834552
0.0
12.134633332930775
0.0
0.0
0.0
12.135216605451065
0.0
0.0
0.0
13.202061495428083
0.0
12.868108769344198
0.0
11.771457499833268
0.0
0.0
0.0
12.839568668390301
0.0
0.0
12.090090318248603
0.0
0.0
11.741593186487252
0.0
0.0
0.0
0.0
0.0
11.72721670003723
12.893000652517086
12.150811921783452
0.0
0.0
0.0
11.699617365106901
0.0
0.0
0.0
0.0
0.0
12.074822573822992
0.0
11.74334100113444
12.893446319979764
0.0
0.0
0.0
0.0
0.0
11.713042886271518
12.149559873276862
0.0
0.0
0.0
0.0
0.0
0.0
0.0
12.851755708968506
0.0
0.0
13.170681888613315
11.742890590914861
0.0
12.836855790645066
12.104886978736214
13.20024238361714
0.0
0.0
0.0
0.0
0.0
0.0
0.0
12.847805167293998
0.0
0.0
0.0
0.0
11.743635083145286
12.089948300538396
0.0
0.0
0.0
0.0
0.0
0.0
0.0
11.757520963554802
0.0
0.0
13.184475916690024
12.825471621986871
0.0
0.0
13.186614117007185
0.0
0.0
13.122343789449285
12.1498265416505
13.19203398795564
0.0
0.0
12.090531113040246
13.122202219527798
13.156437571439023
12.821425125381184
0.0
12.877613881144095
12.53762067722854
0.0
12.104877194546422
11.728782642685898
0.0
12.135091973411265
0.0
0.0
0.0
12.149839368546266
12.864433788851077
12.89440993493678
13.170568953918778
0.0
0.0
11.786085782625399
0.0
13.21696680294293
0.0
0.0
13.200421189661578
0.0
0.0
0.0
0.0
0.0
11.728297500737032
12.777340751881136
11.372537641023882
11.799416706006639
12.865343025671155
13.21445836176514
13.200539651096463
0.0
0.0
0.0
11.713849940136694
0.0
13.213468988330783
0.0
13.152021687809345
0.0
0.0
12.105752561334679
0.0
0.0
13.201321354365032
13.198885953986652
12.840871670543873
0.0
0.0
11.743300693119162
12.809930405949816
0.0
0.0
0.0
0.0
0.0
0.0
0.0
0.0
0.0
0.0
0.0
0.0
12.893733994878096
11.785353665962578
0.0
0.0
0.0
0.0
0.0
0.0
0.0
0.0
0.0
12.892787432407944
0.0
0.0
0.0
11.714269747539104
0.0
13.15574140408829
13.188158087472203
13.197236947699672
11.828658246363325
12.908126238017912
0.0
0.0
0.0
0.0
0.0
0.0
0.0
0.0
0.0
0.0
11.786897332208966
0.0
0.0
0.0
12.149761103017592
11.771144459612403
0.0
0.0
13.169987837291885
0.0
0.0
0.0
12.7816305846907
13.201278482183719
0.0
0.0
0.0
0.0
13.20144901225914
0.0
13.188067850331972
11.713998592184106
0.0
0.0
0.0
13.214587911149069
0.0
0.0
12.121317008863267
13.19918437831544
0.0
0.0
0.0
0.0
12.089825264335792
0.0
0.0
0.0
12.104830055743607
0.0
12.074785213294174
0.0
0.0
0.0
13.186563891672801
0.0
13.21524327337706
0.0
13.171847456366418
0.0
0.0
0.0
0.0
0.0
0.0
13.200746328390181
0.0
0.0
0.0
0.0
13.218019020332967
0.0
0.0
12.11974782911821
0.0
12.091351442168229
0.0
0.0
0.0
13.201767650511849
0.0
12.794563624926441
13.185728532918809
13.171530092937866
12.119877801601971
0.0
0.0
13.217694278422506
11.784620011132784
0.0
0.0
0.0
0.0
12.15004946618147
0.0
0.0
0.0
13.171741237723321
12.061573942958248
0.0
12.119200491889337
0.0
0.0
0.0
13.21613913461003
11.799639590127919
12.831442418204203
0.0
13.167824776234934
13.18341693642083
13.202111099686965
12.119737422175385
0.0
12.074656818841031
13.185349524202993
13.186985162135123
0.0
12.798164176023795
13.201946865581851
13.17187740219664
0.0
12.835436958475556
0.0
0.0
0.0
0.0
12.847485336574355
0.0
12.14981297554767
11.730171110017242
0.0
13.18521619775134
13.200054965372525
0.0
0.0
13.202368244200603
0.0
0.0
0.0
0.0
0.0
11.75802678704381
13.140466002062558
11.842496923618482
0.0
0.0
0.0
0.0
0.0
0.0
0.0
0.0
11.744291593818836
12.135142166161405
0.0
13.142268115832529
0.0
0.0
0.0
12.802583986968589
13.121491870044979
0.0
0.0
0.0
0.0
13.216730419736507
13.123073793590939
0.0
11.75645546078172
0.0
0.0
13.196662123727343
0.0
0.0
0.0
0.0
13.199690563990503
0.0
0.0
0.0
0.0
0.0
0.0
0.0
12.092127881363567
0.0
0.0
0.0
12.806128348270027
0.0
11.799304483869397
12.150908605255255
0.0
0.0
0.0
12.820159692643394
12.819434740963082
0.0
0.0
13.15717083878799
0.0
0.0
0.0
0.0
0.0
0.0
0.0
12.850739112356012
0.0
13.217702285061472
0.0
0.0
0.0
13.185893156456709
0.0
0.0
0.0
0.0
0.0
12.089844726777862
0.0
13.165697123672974
0.0
0.0
0.0
0.0
0.0
13.184726982851766
0.0
0.0
0.0
0.0
13.156922638109924
0.0
0.0
0.0
12.149886397491107
13.216777596249921
0.0
12.750395028927407
0.0
0.0
0.0
0.0
0.0
0.0
12.876697017880387
0.0
12.836627270498155
13.12548322184571
12.060990096024467
0.0
0.0
0.0
11.728789575447216
13.139806580099854
0.0
13.21431284475416
13.201380199964971
0.0
0.0
0.0
0.0
0.0
0.0
0.0
0.0
0.0
0.0
0.0
13.170023399730532
0.0
12.104843947343676
0.0
0.0
12.105141430840622
0.0
13.168516371966902
12.820954927410696
12.120561248210425
0.0
0.0
12.09079366690586
13.213686955832296
0.0
0.0
0.0
13.197670550013642
13.18765949175207
0.0
0.0
13.18630355947917
0.0
13.172565710325525
12.79447142598809
0.0
13.212569953913313
11.771576533303053
0.0
0.0
0.0
0.0
0.0
12.120143480632622
11.756778831346487
0.0
0.0
13.202768914494968
0.0
0.0
0.0
0.0
0.0
0.0
13.213886509066498
0.0
0.0
0.0
0.0
0.0
0.0
0.0
11.78549276562406
0.0
0.0
0.0
0.0
13.139033740050346
11.715101081751879
0.0
0.0
0.0
0.0
0.0
13.172545802037613
0.0
0.0
0.0
0.0
0.0
0.0
0.0
11.785574745405228
0.0
0.0
0.0
0.0
0.0
13.197626607369411
13.182327048935404
0.0
13.139592286972746
0.0
0.0
12.09146928473654
11.798652465093976
12.847688054062067
13.183131673613476
0.0
0.0
12.105010778947252
0.0
0.0
0.0
0.0
11.814025501553482
12.862825059729074
12.134816293364377
0.0
12.090461952409385
13.201703991172929
0.0
0.0
0.0
13.12599326931348
11.714949479139243
0.0
0.0
12.86432209666977
11.79948854867781
11.727349252336218
11.757636796610404
0.0
0.0
0.0
13.13579361576715
0.0
0.0
0.0
0.0
0.0
0.0
12.778004153579294
0.0
0.0
0.0
0.0
0.0
0.0
0.0
0.0
0.0
0.0
0.0
0.0
0.0
12.533244488711876
0.0
0.0
0.0
0.0
0.0
0.0
13.200385279698054
11.743217567494975
0.0
0.0
12.075526896848956
0.0
13.21674293146819
12.819663293221769
0.0
13.156866311219693
0.0
0.0
11.798816115451446
0.0
0.0
13.199350158115436
0.0
0.0
13.216442363289154
0.0
13.18504209914669
0.0
0.0
0.0
0.0
0.0
12.460982746304026
13.21693235183848
0.0
0.0
0.0
13.169205315779369
0.0
0.0
0.0
0.0
0.0
12.134901080126768
0.0
0.0
0.0
0.0
12.820586844023744
12.121657588335705
0.0
13.171819440372609
0.0
0.0
13.214060507459411
12.104965417505392
0.0
0.0
12.919181927800327
0.0
0.0
0.0
12.836233968085278
0.0
0.0
0.0
0.0
12.790652443195745
0.0
0.0
0.0
0.0
13.18594865207203
0.0
12.104955962612257
0.0
0.0
0.0
0.0
0.0
0.0
0.0
0.0
13.183908059779377
0.0
0.0
0.0
0.0
13.187108797501327
0.0
12.135433887062234
0.0
0.0
13.167013904197969
0.0
0.0
0.0
0.0
11.743099785464057
0.0
13.186527967475024
13.172596419307753
0.0
0.0
12.135460287998882
13.157727489231254
0.0
12.061845250020179
12.120351975353028
0.0
0.0
13.170263901667486
12.85024507109353
13.217478404719552
0.0
0.0
0.0
0.0
12.091610928534914
12.105543994179099
13.184917861943108
0.0
0.0
0.0
12.500620872119919
0.0
13.187275381953368
13.186991521919555
0.0
12.849351258741445
0.0
0.0
0.0
0.0
0.0
0.0
0.0
13.15509397990947
12.13422204646438
12.805420503493075
0.0
0.0
0.0
11.714993939580598
0.0
0.0
0.0
0.0
0.0
0.0
0.0
11.784644917950358
13.203199540422693
0.0
11.772419561287272
0.0
13.199818819411837
11.730069204269892
0.0
12.105193913963337
13.151796529998085
12.089957488507206
0.0
12.821054853552873
11.728300010145581
0.0
12.845852638401185
0.0
0.0
0.0
0.0
0.0
0.0
0.0
0.0
13.201921908908053
0.0
12.119957161114268
0.0
0.0
11.714359414990987
0.0
0.0
0.0
0.0
0.0
0.0
0.0
0.0
0.0
0.0
0.0
13.156774032523389
12.761905628082069
0.0
0.0
0.0
11.727545717481771
0.0
0.0
0.0
0.0
12.763211452107429
13.17013268321662
0.0
12.149927634358834
0.0
0.0
12.905619937626373
0.0
0.0
0.0
0.0
0.0
0.0
0.0
0.0
13.171730272193894
0.0
11.70078088103436
0.0
0.0
13.172636655751221
0.0
0.0
0.0
0.0
0.0
0.0
0.0
13.201992184413111
0.0
0.0
0.0
0.0
0.0
0.0
13.19714770611588
0.0
0.0
0.0
0.0
0.0
0.0
12.77620986712137
0.0
0.0
0.0
0.0
0.0
0.0
0.0
0.0
0.0
0.0
0.0
0.0
0.0
0.0
13.187316415508665
12.83827519421404
0.0
0.0
0.0
12.894625765450122
0.0
0.0
0.0
0.0
0.0
11.771600713763004
0.0
0.0
13.185710255056012
0.0
0.0
11.728666124454948
0.0
13.170164640699717
13.186877231865468
0.0
13.185970810020237
11.685264234231335
0.0
12.812257158995424
13.198829890672764
0.0
0.0
0.0
11.714259475101636
0.0
11.829054536081578
0.0
13.212013270021842
0.0
11.728845802638448
12.091289204604546
11.756101913977277
0.0
0.0
0.0
0.0
13.12240511056596
0.0
12.515262106458792
0.0
13.195566637214876
0.0
0.0
0.0
12.10522236854442
0.0
12.864347857404507
0.0
0.0
13.196687675905661
0.0
0.0
0.0
13.187365309593114
12.864970632724111
0.0
0.0
13.154898448583333
0.0
0.0
0.0
11.742698691370547
13.218121185442472
13.154307696483771
12.903006196176392
12.907570302223224
0.0
0.0
0.0
0.0
0.0
13.156124281776288
0.0
0.0
0.0
0.0
12.881225470788449
0.0
0.0
12.149898403820371
0.0
0.0
0.0
0.0
0.0
0.0
13.187159620137262
13.184570418250285
0.0
0.0
0.0
0.0
13.170706199450862
13.16832546001696
0.0
0.0
0.0
0.0
0.0
0.0
0.0
0.0
12.149911567768306
0.0
0.0
0.0
0.0
13.21402382918153
11.699295313491787
0.0
0.0
0.0
12.046078439121214
0.0
13.137765722307227
0.0
11.685770526874531
0.0
0.0
0.0
0.0
12.879286049549608
13.187181825813367
0.0
12.823194232473556
0.0
0.0
0.0
0.0
11.71541532796794
13.170320141762899
0.0
0.0
13.139559028966465
0.0
11.728319570509894
12.863574778625443
12.13522776953054
0.0
0.0
11.686077377093493
0.0
0.0
13.185709654056078
12.120377408792697
11.715773210269722
12.850214950932642
0.0
13.20150861895003
13.18251035991476
0.0
0.0
0.0
0.0
0.0
0.0
0.0
0.0
0.0
0.0
0.0
0.0
0.0
13.201213119907766
0.0
0.0
12.89325484163854
12.135745807463255
0.0
0.0
12.090463645643368
11.812692058494756
0.0
0.0
12.104338194799649
0.0
0.0
0.0
0.0
0.0
0.0
0.0
0.0
0.0
0.0
0.0
13.188070231323971
0.0
0.0
0.0
0.0
12.794227447943813
13.156672508479833
0.0
12.149386006717458
12.747884333230738
0.0
0.0
12.863119373484643
0.0
12.795621925589627
0.0
0.0
0.0
13.18647816353663
0.0
0.0
0.0
0.0
0.0
0.0
0.0
11.743131059580408
0.0
12.150669428404944
13.211306580079071
13.213706026110435
12.105146686350784
0.0
0.0
0.0
12.135182073715978
12.836822554399653
12.149966944438914
12.864727488666285
0.0
12.134431585772289
11.813644867113927
11.742941131277284
0.0
0.0
0.0
0.0
12.134800976531736
12.120032350651316
0.0
0.0
12.79635148120594
0.0
13.154947347257123
13.156900231345292
0.0
11.80003709924424
0.0
0.0
12.090327879573422
0.0
12.11913677226498
0.0
12.840129615936583
0.0
0.0
0.0
0.0
0.0
0.0
0.0
0.0
0.0
0.0
0.0
0.0
0.0
0.0
0.0
0.0
0.0
12.797122451894351
13.15305156702751
12.091427483123361
0.0
13.197243521853396
0.0
0.0
0.0
13.171616961952571
13.186297711022462
0.0
0.0
12.835808899210564
0.0
12.10510677071684
12.136385152631451
0.0
0.0
0.0
0.0
13.187650252722326
12.86117616808564
13.21500699255447
0.0
0.0
0.0
13.184923007258817
0.0
11.728477297424702
12.819167615890828
0.0
0.0
0.0
0.0
0.0
12.892460990455898
12.120008285606772
0.0
0.0
0.0
0.0
12.833982541118036
12.722160591088862
0.0
12.809632155670522
0.0
0.0
0.0
0.0
0.0
0.0
11.715122205094216
0.0
0.0
0.0
12.892011220514355
0.0
12.879354600004827
0.0
0.0
12.076033183898957
0.0
0.0
11.784779511029065
0.0
0.0
0.0
0.0
0.0
0.0
12.836895605053734
0.0
0.0
13.170226361590888
0.0
0.0
12.794741536713545
0.0
0.0
0.0
13.200014970085036
0.0
0.0
13.186055105959866
0.0
11.757417501346465
0.0
0.0
12.86503705660332
13.185747587256843
12.075875325653037
0.0
12.793187213426716
0.0
0.0
0.0
0.0
0.0
12.12029549212414
13.2024756604995
0.0
0.0
0.0
12.090489314547668
13.171158930636995
0.0
0.0
12.830318723279767
0.0
11.713407427097808
12.848605723104093
12.808170683006438
0.0
0.0
0.0
0.0
0.0
0.0
0.0
0.0
12.149487374956728
0.0
13.168216938222958
0.0
13.140255917298735
0.0
11.799400701049
0.0
0.0
13.1835330361535
0.0
0.0
0.0
12.794110448477102
0.0
0.0
11.828604579569602
0.0
13.184496412823115
0.0
11.412288214242288
0.0
0.0
0.0
0.0
13.18619401138509
0.0
13.198948741527678
12.119673317719917
0.0
0.0
0.0
13.15817800860757
0.0
13.18662280616218
0.0
0.0
12.861430266207838
12.090056405397636
0.0
0.0
0.0
0.0
13.199289037637877
0.0
12.876569981283952
0.0
0.0
0.0
12.82078827807396
0.0
0.0
13.138820269251259
12.104759684257981
0.0
11.74334353386129
0.0
0.0
0.0
0.0
0.0
12.85122437765292
0.0
12.795580145471213
12.795925576132104
0.0
0.0
0.0
0.0
0.0
0.0
0.0
0.0
0.0
11.727595212337775
0.0
13.139749384266146
13.184289596492048
12.121273813242487
0.0
11.743053949694202
12.120148236099912
11.714401189096328
0.0
0.0
12.804753645759881
0.0
0.0
0.0
13.155415204832313
0.0
0.0
0.0
0.0
0.0
13.156382998284753
0.0
0.0
0.0
0.0
0.0
12.733742996641334
13.171551830420047
0.0
12.857139104880895
0.0
0.0
13.186236168391687
0.0
0.0
0.0
0.0
0.0
0.0
0.0
0.0
11.799279983097962
0.0
12.74798975438104
0.0
13.157753022174134
0.0
0.0
13.20038629528992
13.171719745863925
12.134992255855634
11.742895313129736
0.0
12.090561740235554
12.091964354634818
13.16739592569539
13.199887647424225
0.0
0.0
0.0
0.0
13.213342566979524
0.0
13.201138828783172
0.0
0.0
0.0
0.0
0.0
0.0
11.743023141651168
0.0
0.0
0.0
0.0
13.182837210259267
0.0
13.170396150394817
11.830178298165057
0.0
11.800979913270918
0.0
0.0
0.0
11.814947302890467
11.829250277727978
13.215478516396987
0.0
12.090221125119207
0.0
11.74297690565834
0.0
0.0
0.0
0.0
0.0
13.125015183045024
0.0
0.0
12.835953218835032
0.0
0.0
12.749476816093773
0.0
0.0
11.728258600816723
0.0
0.0
12.890939220536424
11.700653458571882
0.0
0.0
0.0
0.0
0.0
0.0
0.0
0.0
12.104988343527632
0.0
0.0
0.0
0.0
12.865794429910968
0.0
0.0
0.0
13.157091964955208
0.0
0.0
0.0
13.200764589611094
0.0
0.0
0.0
13.182231875291931
0.0
0.0
12.121735289519737
13.15486997334359
11.729141940094944
13.123902084966126
12.892977562427292
0.0
12.136084067943933
12.119566320428971
13.215204421222703
0.0
13.18251526646563
0.0
12.07612900457769
0.0
0.0
11.714465273620647
0.0
0.0
0.0
0.0
0.0
0.0
0.0
0.0
0.0
0.0
0.0
0.0
0.0
0.0
0.0
0.0
0.0
0.0
0.0
13.074563588361274
0.0
0.0
12.061374896794819
0.0
0.0
13.12275817789054
0.0
13.171639587400795
12.09062564469762
0.0
12.821301204085858
0.0
12.832443377267316
0.0
0.0
0.0
0.0
0.0
0.0
0.0
0.0
13.18373430137912
0.0
11.772359403270036
13.184390154663848
13.202801873683363
0.0
0.0
13.16975344369814
0.0
0.0
0.0
0.0
13.1987173538585
11.700437868071386
0.0
13.217062200918555
12.789330413029932
0.0
13.17057915061764
0.0
11.742788099553392
13.20274529993245
12.060437959835363
0.0
0.0
0.0
0.0
0.0
0.0
13.186990877077408
12.863248812212076
0.0
11.801865242506013
13.195226732466617
0.0
12.832794029870309
0.0
0.0
0.0
13.17094643397876
11.742681975260062
0.0
12.808855894935343
0.0
13.187364215461901
0.0
13.216716725529796
0.0
0.0
0.0
0.0
0.0
0.0
13.200120405274234
13.169486240264334
0.0
13.199030200680768
0.0
0.0
13.170238197791148
13.16738337656723
0.0
0.0
0.0
0.0
0.0
0.0
0.0
12.821260741132338
0.0
0.0
0.0
12.819003848729743
0.0
11.730290771524416
0.0
13.155817108198812
12.880466610353103
0.0
0.0
12.893616745647538
0.0
0.0
0.0
12.794649174432795
0.0
0.0
12.73343833294677
0.0
0.0
0.0
0.0
0.0
11.771696014122382
0.0
11.358859905249753
13.214160634342099
13.19977913804956
0.0
0.0
13.157412445743525
0.0
0.0
0.0
0.0
12.134461752514152
0.0
0.0
0.0
12.13482449715803
13.186612106411832
0.0
0.0
0.0
0.0
0.0
12.790413317022306
0.0
0.0
0.0
0.0
0.0
12.118961681009036
11.728736940710625
0.0
13.217277217814258
12.121210172079609
13.1671782204725
0.0
0.0
13.171783649338234
0.0
0.0
0.0
0.0
0.0
13.157753944420893
0.0
0.0
0.0
0.0
0.0
0.0
0.0
0.0
0.0
0.0
0.0
0.0
0.0
0.0
0.0
0.0
0.0
12.120941774514806
0.0
0.0
11.785315318357714
0.0
0.0
11.715014344223126
13.202503848787163
0.0
0.0
0.0
0.0
13.200604450488472
0.0
0.0
0.0
11.741930506238297
0.0
0.0
0.0
13.187189432112588
13.158803958508502
13.202109374096823
0.0
0.0
12.090482194832923
0.0
11.756695896182464
13.185312095885596
13.19649826604167
0.0
13.125957430670375
0.0
0.0
0.0
13.168481064024778
0.0
0.0
0.0
0.0
0.0
0.0
13.168667729264119
0.0
11.769747217938757
0.0
12.806815969339368
0.0
0.0
0.0
0.0
0.0
0.0
12.79489138638147
0.0
13.18145333570932
0.0
0.0
0.0
12.150570847183715
0.0
12.119878782125681
0.0
0.0
12.832185142295911
0.0
12.12168779315196
13.171587512807738
0.0
0.0
0.0
11.772171192713651
0.0
0.0
0.0
0.0
13.169523353795274
13.215868097823707
0.0
12.134433388987533
0.0
0.0
0.0
0.0
0.0
0.0
12.892261279725691
11.743171506207885
0.0
0.0
0.0
12.808177287141561
0.0
0.0
12.133869654470638
11.699719234857094
0.0
0.0
0.0
12.11961920396016
0.0
0.0
11.787073006588994
0.0
12.076105286944609
0.0
0.0
13.18763922785065
0.0
0.0
0.0
13.20193743006986
0.0
0.0
0.0
13.138307449569401
13.166272183300237
0.0
0.0
0.0
0.0
11.756373033531382
11.770843752183568
12.119694653394209
13.200628331991108
0.0
13.141074087786162
0.0
12.10459618381725
11.756701924997811
0.0
0.0
12.834934780495189
12.846318645071733
0.0
0.0
13.21677405510796
12.090425724478376
0.0
0.0
0.0
0.0
0.0
0.0
11.787575276580682
0.0
0.0
0.0
0.0
12.134530163496585
13.170391343671268
0.0
0.0
0.0
12.864378154434993
12.091364675066181
0.0
12.121098485451396
13.15434667516607
13.200510155635127
11.684966223481736
0.0
0.0
11.72755738302859
0.0
0.0
12.119101257869525
0.0
0.0
0.0
0.0
11.815735809905245
0.0
0.0
13.187921767978711
0.0
0.0
13.21667073092648
0.0
0.0
0.0
0.0
0.0
0.0
0.0
12.105061073694275
0.0
12.150648187633294
0.0
0.0
0.0
0.0
0.0
0.0
12.13517029461416
0.0
0.0
0.0
0.0
0.0
0.0
0.0
13.158317282343369
0.0
0.0
13.18600221516217
13.197717681210772
0.0
11.75698250032019
13.200219116636323
0.0
0.0
12.13457942031633
0.0
0.0
13.183738463523044
0.0
0.0
0.0
0.0
13.186887387485832
0.0
0.0
0.0
0.0
0.0
0.0
0.0
0.0
0.0
0.0
0.0
0.0
13.155749648822882
11.332168559496083
12.80796006919092
12.089845522302408
0.0
13.122638305224353
0.0
0.0
12.76028112944404
0.0
0.0
0.0
0.0
12.835522979917402
12.090253041220924
0.0
0.0
0.0
0.0
0.0
0.0
0.0
0.0
0.0
12.863309164053346
0.0
13.153968842118108
13.18788495520673
0.0
0.0
0.0
0.0
12.820794822899167
0.0
0.0
13.21504200411365
0.0
0.0
12.105030388754237
11.743562377514369
0.0
0.0
0.0
0.0
13.201446450249142
13.185271781671743
0.0
0.0
0.0
0.0
13.202281645627595
0.0
0.0
13.200251755948157
0.0
0.0
0.0
0.0
13.12465724854171
0.0
0.0
11.71365681533367
0.0
13.155982481136828
0.0
13.18694830044497
0.0
0.0
0.0
0.0
0.0
0.0
0.0
0.0
0.0
0.0
0.0
0.0
0.0
12.135979688172206
0.0
0.0
12.090325130820405
13.183029567660673
0.0
11.742944042805807
0.0
0.0
12.150721241298957
0.0
13.184402508333427
0.0
0.0
0.0
0.0
0.0
0.0
13.168559258650596
0.0
0.0
13.157328248362596
0.0
0.0
12.105980197965362
11.684706727037824
0.0
0.0
0.0
0.0
0.0
12.090338856088955
0.0
11.756643028083111
12.075310751938652
0.0
11.699905422032788
12.86643237205124
0.0
0.0
0.0
13.199516286510992
13.185120484749572
0.0
12.105812868260369
11.699517467399234
0.0
0.0
12.905881949720138
0.0
13.208427898687953
12.0743871661982
11.743553222054889
0.0
0.0
0.0
0.0
0.0
0.0
0.0
12.798214291987703
12.87320401897484
0.0
12.852682940206165
12.150869834318701
13.137435476280253
0.0
0.0
0.0
0.0
0.0
0.0
0.0
0.0
12.792150190885216
13.152214797163634
11.771598903542328
12.804583331895747
0.0
0.0
0.0
0.0
0.0
0.0
13.183812871163145
0.0
0.0
0.0
0.0
0.0
0.0
0.0
12.489760843089867
13.153626025738818
0.0
0.0
0.0
0.0
12.844600673564196
11.800565126320965
12.879542575777466
0.0
0.0
0.0
0.0
0.0
0.0
0.0
0.0
0.0
0.0
0.0
0.0
13.185004403245731
0.0
12.149762941481622
0.0
0.0
0.0
0.0
13.170282006288321
13.156409157335112
12.794256731731375
0.0
0.0
0.0
0.0
12.789318142433428
12.074623906292377
0.0
12.14959973678099
11.75724071519019
0.0
0.0
0.0
0.0
11.728328076002404
0.0
0.0
12.781565709939846
0.0
0.0
13.197915733027658
0.0
0.0
0.0
0.0
0.0
12.83383831542143
0.0
11.713134392727667
12.104941000736764
0.0
0.0
0.0
0.0
11.75813472404735
0.0
0.0
0.0
11.75777131726412
13.200460564990673
0.0
0.0
13.213299501598861
12.77960367654816
12.089859144120739
13.171467683684645
12.120081641486635
13.172999990358743
13.15715585985952
0.0
0.0
0.0
0.0
0.0
0.0
12.120171211189394
0.0
12.061342679730517
12.090707877732342
0.0
0.0
13.17312039609409
13.18505431088552
0.0
0.0
0.0
0.0
0.0
13.187643460502603
0.0
0.0
0.0
0.0
0.0
12.11965375458908
12.119108538722147
0.0
0.0
0.0
0.0
0.0
0.0
0.0
13.186427365783116
0.0
0.0
0.0
0.0
0.0
0.0
13.20002023759809
12.1343479582115
13.187826342463916
0.0
0.0
0.0
0.0
12.920515097203976
0.0
0.0
0.0
0.0
12.119850941020808
11.770898426930577
0.0
0.0
0.0
0.0
0.0
0.0
0.0
0.0
0.0
0.0
13.169211162915797
0.0
12.863354270923736
12.074650788629892
0.0
0.0
0.0
13.203243235821809
0.0
0.0
0.0
0.0
0.0
12.10500626697577
0.0
0.0
0.0
0.0
0.0
0.0
0.0
0.0
13.215381486981258
0.0
11.699838952285443
12.797789706107402
0.0
0.0
0.0
0.0
0.0
0.0
0.0
11.744303767301925
0.0
0.0
0.0
0.0
0.0
0.0
0.0
0.0
0.0
0.0
0.0
0.0
0.0
0.0
12.878130065413488
0.0
0.0
12.889944334835214
12.13524679757531
0.0
0.0
0.0
13.157080367548494
0.0
0.0
0.0
0.0
0.0
0.0
13.124150889151565
13.171058563288836
13.181014276316418
0.0
0.0
0.0
0.0
0.0
0.0
0.0
0.0
13.152615209095748
0.0
0.0
0.0
0.0
13.184939466410878
13.170859677110728
12.134570266361727
0.0
0.0
13.089375468869871
0.0
0.0
0.0
12.07612977320798
0.0
0.0
0.0
0.0
0.0
0.0
12.83738356569723
0.0
0.0
13.124605063336
0.0
0.0
13.185046994877593
0.0
0.0
0.0
0.0
13.184795067563215
0.0
0.0
13.170804055480763
0.0
0.0
0.0
11.815576284886866
0.0
11.79950419113032
0.0
0.0
12.836412404501258
0.0
0.0
0.0
0.0
13.200168163634016
0.0
0.0
0.0
13.17204314578469
0.0
0.0
0.0
0.0
0.0
0.0
0.0
0.0
0.0
0.0
0.0
0.0
0.0
0.0
0.0
0.0
0.0
0.0
0.0
0.0
12.849612137080271
0.0
13.171086763515016
0.0
12.120371920325757
0.0
0.0
13.140279787770078
0.0
12.821283660652446
12.134299868772619
13.186767140275423
0.0
0.0
0.0
12.822995690685167
13.198429087946227
0.0
12.861986461360027
0.0
13.197536710419204
12.74915439051019
0.0
0.0
0.0
11.700691194301529
0.0
0.0
0.0
12.846159672985792
12.835396101985923
13.197619222608482
13.173023541313714
12.13379681640449
0.0
0.0
11.728669163221758
0.0
0.0
0.0
0.0
0.0
0.0
0.0
11.785326454722469
0.0
0.0
0.0
0.0
13.1983231399326
0.0
11.728516417932763
0.0
0.0
13.19678692500443
0.0
0.0
0.0
12.75011625536359
0.0
0.0
11.786245083320814
0.0
0.0
0.0
0.0
12.907486287802469
0.0
0.0
11.843461099052558
0.0
0.0
0.0
0.0
0.0
12.090567191357678
0.0
0.0
0.0
0.0
0.0
0.0
0.0
0.0
12.046852047177373
13.185579787836943
0.0
0.0
13.136874617050355
0.0
0.0
11.728359544123961
13.216861881319788
0.0
13.168259433163694
0.0
0.0
0.0
12.15084924499015
0.0
0.0
11.699751365541811
12.11995071822551
0.0
0.0
11.714018910447313
0.0
0.0
11.344729694336051
13.187946666237115
0.0
12.134284271321732
0.0
0.0
0.0
12.134414632389376
0.0
0.0
12.135063987062706
12.781087461081235
0.0
13.183561915848987
0.0
0.0
11.71507933775209
0.0
12.11949643063827
12.834891350125236
0.0
0.0
12.830521468240605
0.0
0.0
13.213222352202822
0.0
11.728734376165264
13.15379520517431
0.0
0.0
12.120139329094405
0.0
12.805000084264936
13.187519491330136
0.0
0.0
0.0
0.0
13.15409968675013
12.848420017966431
12.748534767007818
0.0
0.0
0.0
13.184926495767325
12.135744005862042
0.0
13.173552066693336
0.0
11.799384376399074
0.0
12.104915508859284
0.0
13.153778253686296
0.0
13.199653468476113
0.0
12.833311297396953
0.0
0.0
0.0
0.0
0.0
0.0
13.18428895830987
0.0
0.0
0.0
0.0
0.0
0.0
0.0
12.104983083732211
11.715474627073696
0.0
12.922135860630666
0.0
0.0
0.0
0.0
0.0
13.121062840852767
0.0
0.0
0.0
12.119931389382835
0.0
12.119794399245988
12.090446777988518
0.0
13.198140846776976
11.728302633088578
13.183686836006304
0.0
0.0
13.200923182545907
0.0
12.797364769022735
0.0
11.829422549343978
13.199309321816276
0.0
11.742823866267258
13.170236702671305
0.0
0.0
11.813574577141122
0.0
13.156966510426711
12.777132868913746
0.0
12.105014985394615
0.0
11.78622934188573
0.0
0.0
0.0
0.0
0.0
13.15070987533145
12.782801778511935
0.0
13.18724800654051
0.0
0.0
12.735639218199676
12.836768593778453
11.743714159519053
0.0
11.786063549308711
12.79648292761575
0.0
0.0
0.0
0.0
0.0
0.0
0.0
13.184861098646001
0.0
13.158004249217377
12.845841523435109
11.785620251489549
0.0
12.823067914049744
12.090899940342194
12.791704338090486
12.120960079197431
0.0
0.0
13.201975152524877
0.0
0.0
0.0
0.0
11.785414245844349
0.0
0.0
0.0
0.0
13.200040574452405
0.0
0.0
0.0
12.84823884217494
11.769951255839295
0.0
0.0
0.0
11.828716714371716
0.0
0.0
0.0
0.0
0.0
13.185359889696345
12.919790983729442
12.793160639512324
0.0
0.0
0.0
0.0
0.0
11.743206735630256
0.0
0.0
12.12005393794634
11.440272413097045
0.0
0.0
0.0
13.202081087512026
0.0
0.0
0.0
11.828855099661107
0.0
0.0
0.0
12.85440745340184
0.0
0.0
12.090743516347828
0.0
12.83203338997003
0.0
0.0
0.0
0.0
11.699889741571155
12.08963722503632
0.0
0.0
0.0
13.1721039659038
12.853776418354682
13.172374914962445
0.0
0.0
12.105553155434594
0.0
0.0
13.14115471638032
0.0
0.0
0.0
11.814835145491248
0.0
12.11936302520742
0.0
13.171132686251987
0.0
0.0
0.0
0.0
11.699658471228432
11.713661440583488
0.0
0.0
0.0
0.0
13.167245600201474
0.0
0.0
0.0
0.0
0.0
0.0
13.171779686482258
0.0
0.0
0.0
13.200149551613023
0.0
0.0
0.0
0.0
0.0
0.0
11.785596692247367
13.187589123953744
13.201018750070455
0.0
12.729374242850898
0.0
12.07562260237407
0.0
0.0
0.0
13.154028578273511
0.0
0.0
12.09126977101745
12.835888880916182
0.0
11.727526436521673
0.0
0.0
0.0
13.213595303461219
11.743160810030759
0.0
13.21769670831211
0.0
0.0
0.0
0.0
0.0
12.81815995193083
13.202692948724366
0.0
0.0
0.0
0.0
0.0
0.0
13.155460620658868
0.0
0.0
0.0
11.828496500822764
0.0
0.0
12.149972697382866
0.0
0.0
11.741849468564416
0.0
11.729045642396555
12.134494091645305
12.090571343213291
12.134468677579942
0.0
13.15546657319477
0.0
0.0
0.0
0.0
13.149726712694438
12.120129025698454
0.0
0.0
0.0
0.0
0.0
0.0
11.77083398850553
11.828859778105693
0.0
0.0
0.0
12.150800757350245
0.0
0.0
0.0
0.0
0.0
0.0
13.199424339016964
11.786044107092938
0.0
0.0
0.0
12.845453066543026
12.074784939637077
0.0
0.0
13.20090299356076
0.0
12.817038149189129
0.0
0.0
11.771561002000144
0.0
0.0
0.0
0.0
0.0
0.0
0.0
0.0
0.0
0.0
0.0
0.0
0.0
11.728213679644334
0.0
0.0
0.0
0.0
0.0
0.0
0.0
13.158073563676172
12.149261685760552
13.154663506213504
0.0
13.212705343847457
0.0
12.790831854313005
0.0
0.0
0.0
11.756604747288588
0.0
0.0
0.0
0.0
0.0
0.0
12.806923043366059
0.0
0.0
0.0
12.120518868174413
13.19790501033288
12.119533843215047
0.0
12.089840312226219
0.0
0.0
12.811119307737446
0.0
12.089865619059292
0.0
13.216750808531545
12.879098574068205
13.157164506836954
0.0
0.0
11.784702377084788
0.0
12.852230412534013
0.0
0.0
0.0
0.0
0.0
0.0
0.0
13.20101251122245
0.0
0.0
0.0
12.877139950764272
0.0
0.0
0.0
0.0
0.0
0.0
0.0
0.0
0.0
13.154725709002362
0.0
12.09026325691193
12.919697449889407
0.0
13.215352169461793
0.0
0.0
0.0
0.0
13.153715762961411
11.729398822056973
13.214511906097693
0.0
12.120941981505057
0.0
11.715004853180815
0.0
0.0
13.169928781879797
0.0
0.0
0.0
0.0
0.0
0.0
12.10342485153368
12.83641000987825
0.0
12.858054055411502
13.186389444817053
0.0
0.0
0.0
0.0
0.0
0.0
0.0
0.0
12.82134743638396
0.0
0.0
12.85027670396468
0.0
12.120147438250173
0.0
0.0
0.0
13.170035686136591
13.198189809686461
13.167563096998744
0.0
0.0
0.0
0.0
0.0
0.0
12.120088610714054
13.18507462105023
0.0
12.822714178312825
0.0
0.0
11.7853648402464
0.0
0.0
0.0
11.742839032382605
0.0
0.0
0.0
0.0
0.0
13.18215748703304
13.213280577892899
0.0
0.0
0.0
0.0
0.0
0.0
12.748439353722322
0.0
0.0
0.0
12.150977683595404
13.15235613749214
0.0
0.0
0.0
12.843785260849982
0.0
0.0
0.0
0.0
12.821817121462237
0.0
0.0
0.0
12.893608421575168
12.119716191957274
12.91767594275153
0.0
0.0
12.750171565676442
13.216793789358826
0.0
0.0
0.0
12.076067191194678
12.852275488424858
0.0
0.0
0.0
0.0
11.72890092126508
12.703672564363941
12.875004564704264
0.0
12.090844351361003
13.170020485368479
13.20226622051441
0.0
0.0
0.0
12.120448677969605
13.187251846223422
12.864556374242726
0.0
0.0
0.0
0.0
0.0
13.21419465791945
13.196793715839878
0.0
12.134733598046834
0.0
12.134888899991715
12.105027948116343
0.0
12.120556479892684
0.0
0.0
0.0
12.104639207450612
0.0
0.0
12.831033426780788
0.0
0.0
0.0
13.172124009001593
13.213649346415934
13.18433473680881
12.150695713483767
0.0
12.761250225272851
0.0
0.0
13.155201789238664
0.0
0.0
0.0
13.200760189568705
0.0
0.0
0.0
0.0
0.0
0.0
0.0
0.0
0.0
0.0
12.07469334753888
0.0
0.0
11.815260950993952
0.0
0.0
0.0
0.0
0.0
13.170963486622147
13.186510590226543
0.0
0.0
0.0
12.805462344625704
0.0
0.0
13.138954601937547
0.0
0.0
0.0
0.0
0.0
0.0
0.0
0.0
12.851551859371122
0.0
0.0
0.0
0.0
0.0
0.0
0.0
0.0
12.119670686768586
0.0
13.183499229223603
0.0
13.187255942370475
0.0
0.0
0.0
13.16902293394353
0.0
0.0
0.0
0.0
0.0
0.0
0.0
13.1721886252465
11.84243956211232
0.0
11.6990583972541
0.0
0.0
13.154998384441088
13.171315025627429
0.0
0.0
0.0
0.0
0.0
0.0
0.0
0.0
0.0
13.155777649453917
0.0
13.125919325494074
0.0
0.0
12.890003410620336
0.0
0.0
12.135553424170679
13.198244316074838
0.0
0.0
0.0
0.0
0.0
0.0
0.0
0.0
0.0
0.0
0.0
0.0
0.0
0.0
13.200339397740734
12.822781187943404
0.0
0.0
0.0
13.153880436792837
13.140126430943278
13.172894889391445
0.0
13.151124024135253
13.140225691428862
0.0
13.16710745680179
12.149304488290777
0.0
0.0
0.0
0.0
13.19806873024963
0.0
0.0
13.214097117306222
0.0
12.82311088427207
0.0
0.0
0.0
0.0
0.0
0.0
13.181166664903365
12.10501958770931
0.0
0.0
0.0
12.091488295925409
0.0
12.820914246100811
13.15478878785667
0.0
0.0
11.829113590708639
12.121185601584868
0.0
12.853208150782994
0.0
11.772373004370756
13.17188131994994
12.804438162697707
11.756415399291557
0.0
0.0
11.714424470915922
0.0
12.120041484993287
0.0
0.0
0.0
0.0
11.728211743122518
12.149399592026189
0.0
0.0
0.0
0.0
0.0
0.0
0.0
0.0
12.87585063112133
13.186339802178974
0.0
0.0
0.0
0.0
0.0
0.0
0.0
0.0
12.149428285614121
13.199162537071073
0.0
0.0
0.0
12.090117047994433
0.0
12.104899974207603
0.0
0.0
0.0
0.0
0.0
0.0
0.0
11.771409478137189
0.0
0.0
0.0
11.728340312668617
0.0
13.182376160247838
0.0
0.0
0.0
13.171793123979782
0.0
13.184657239986887
0.0
0.0
0.0
0.0
13.154500151806426
12.838166525510891
12.134565618917666
13.182580497972982
0.0
11.784483421114196
0.0
12.847881480830557
12.859472915606501
0.0
13.184455524144953
0.0
0.0
0.0
0.0
12.091428786976213
0.0
0.0
11.813543288962139
13.156827136122153
13.200716481942374
0.0
11.785270890924291
0.0
0.0
0.0
0.0
0.0
0.0
13.155178509488152
12.134852984765814
11.741890207649027
13.20235752469487
13.170782901240054
11.843856969695254
0.0
0.0
12.835208542804386
0.0
0.0
0.0
12.83598654854263
13.139493029076712
0.0
0.0
11.828655605097362
0.0
0.0
11.713889036153876
0.0
0.0
12.121031798457132
13.157524827033827
0.0
0.0
12.135236596675359
0.0
12.13575927068183
0.0
0.0
0.0
0.0
0.0
13.152544459314692
0.0
13.184170488544247
12.133970740022368
13.213210082627423
12.121752353531345
0.0
0.0
0.0
12.105032672856623
11.742101652307902
12.106053000008924
0.0
12.118733483763798
0.0
12.819073915610307
12.134596076719953
12.847394026798678
11.757620201995465
12.809429593923385
0.0
11.770859346105228
12.119582164463226
0.0
12.763684710011415
12.834514166023547
0.0
12.1506782467167
12.13462149970961
0.0
0.0
11.685881896704032
12.849704312912612
0.0
0.0
0.0
12.090628435014526
0.0
0.0
12.866818698006181
12.08995370540024
0.0
0.0
12.09043510668593
0.0
0.0
0.0
11.725624589664319
0.0
0.0
13.17256763313746
0.0
0.0
0.0
13.155770990627756
0.0
0.0
12.892377847912535
0.0
0.0
0.0
0.0
0.0
0.0
0.0
0.0
0.0
13.154794324237
0.0
0.0
12.091525349980035
0.0
12.821861196852065
0.0
0.0
0.0
13.198251106793535
12.13515440146099
13.171655792215763
0.0
0.0
12.879463678062741
12.864727378062492
0.0
0.0
13.216017704819935
0.0
12.13531057384669
0.0
0.0
0.0
0.0
0.0
0.0
0.0
11.716637602901692
0.0
12.846001792635924
13.187080793029825
0.0
0.0
0.0
0.0
0.0
0.0
0.0
0.0
13.138986106525815
13.18579654415078
0.0
0.0
0.0
12.841095798772814
0.0
11.756555407705031
0.0
12.105092169210998
12.806430040072813
13.197829047907039
0.0
0.0
0.0
0.0
13.166067784562436
0.0
0.0
0.0
0.0
0.0
0.0
11.770840923966736
12.134246368462321
0.0
13.17144068478007
0.0
0.0
12.807243644188095
0.0
0.0
0.0
0.0
0.0
0.0
13.134534364451357
13.186329591248338
0.0
11.7860011782405
12.119514808250079
12.806951869011941
0.0
12.82291119165768
0.0
0.0
0.0
0.0
13.214755272069334
0.0
13.214322492524389
0.0
13.217268415103613
0.0
0.0
0.0
12.104985703354886
12.809651030271194
0.0
13.187906634069115
0.0
0.0
0.0
13.196658837651938
13.186236058099109
0.0
12.120486794950162
