0.0
0.0
0.0
0.0
0.0
0.0
0.0
0.0
0.0
10.530619694980842
0.0
0.0
0.0
0.0
0.0
0.0
0.0
0.0
0.0
0.0
10.66460535045143
0.0
0.0
0.0
0.0
0.0
0.0
0.0
0.0
0.0
0.0
0.0
0.0
8.771616888519207
0.0
0.0
0.0
0.0
0.0
10.614318336320018
10.350184597279123
11.195351875167402
0.0
0.0
0.0
0.0
0.0
0.0
0.0
0.0
0.0
13.099826065307127
0.0
10.115625823524368
0.0
0.0
12.343278181100795
0.0
0.0
0.0
0.0
0.0
10.575676237704357
11.759049942268003
0.0
0.0
0.0
0.0
0.0
0.0
0.0
0.0
0.0
0.0
0.0
0.0
0.0
0.0
0.0
0.0
0.0
0.0
0.0
0.0
0.0
0.0
0.0
0.0
0.0
0.0
0.0
0.0
0.0
0.0
0.0
0.0
0.0
0.0
10.92472045340529
0.0
0.0
0.0
0.0
0.0
0.0
0.0
0.0
0.0
0.0
0.0
0.0
0.0
0.0
9.733418034843654
0.0
0.0
0.0
0.0
0.0
0.0
9.068572865573794
0.0
0.0
0.0
0.0
0.0
0.0
0.0
0.0
11.335009978617983
0.0
0.0
0.0
0.0
0.0
0.0
0.0
13.127642434829824
0.0
0.0
0.0
0.0
0.0
0.0
0.0
0.0
0.0
0.0
0.0
0.0
0.0
0.0
0.0
0.0
0.0
0.0
0.0
0.0
0.0
0.0
0.0
0.0
0.0
0.0
11.531646858436712
0.0
0.0
0.0
11.52170256798996
0.0
0.0
0.0
0.0
0.0
0.0
0.0
0.0
0.0
0.0
0.0
0.0
0.0
0.0
13.029840990939508
0.0
0.0
0.0
0.0
0.0
0.0
0.0
0.0
0.0
0.0
0.0
11.472539689195235
0.0
0.0
0.0
0.0
0.0
0.0
0.0
0.0
0.0
0.0
0.0
10.419287727486827
0.0
0.0
0.0
0.0
0.0
9.767221760810731
0.0
0.0
0.0
0.0
0.0
0.0
8.420891258602431
0.0
0.0
11.384149143989987
0.0
0.0
0.0
11.902339246401198
0.0
0.0
0.0
0.0
0.0
0.0
0.0
0.0
0.0
11.574173743697056
0.0
0.0
0.0
0.0
0.0
0.0
0.0
0.0
11.764079333061973
0.0
0.0
0.0
11.169111047854342
0.0
0.0
0.0
0.0
0.0
0.0
11.21545296355401
0.0
0.0
0.0
0.0
0.0
0.0
9.965006840459994
0.0
0.0
0.0
0.0
0.0
11.34372476199782
11.062575416037578
0.0
11.723142290849353
0.0
0.0
12.172490473069097
0.0
0.0
0.0
0.0
8.18380925916352
0.0
0.0
0.0
0.0
11.375481400771898
0.0
0.0
0.0
0.0
0.0
0.0
0.0
0.0
0.0
0.0
0.0
0.0
11.875856366222843
0.0
0.0
0.0
0.0
0.0
0.0
0.0
11.348476784938441
0.0
0.0
0.0
0.0
11.652645930028635
0.0
0.0
0.0
0.0
0.0
0.0
0.0
0.0
0.0
0.0
0.0
0.0
0.0
0.0
0.0
0.0
0.0
0.0
0.0
0.0
12.51763684096912
0.0
9.484191352009741
0.0
0.0
0.0
0.0
0.0
0.0
10.584210024547977
0.0
0.0
9.217179521099753
0.0
11.546907942456135
0.0
0.0
0.0
0.0
0.0
0.0
11.951730892662669
0.0
0.0
0.0
0.0
0.0
0.0
0.0
0.0
0.0
0.0
0.0
0.0
0.0
0.0
0.0
0.0
0.0
12.733486542463282
0.0
0.0
0.0
0.0
0.0
0.0
0.0
0.0
0.0
0.0
0.0
0.0
0.0
0.0
11.219465171314743
0.0
0.0
10.64062512554057
0.0
0.0
0.0
0.0
0.0
0.0
0.0
0.0
10.852490549645475
12.025546923585988
0.0
0.0
0.0
0.0
10.155691776615855
0.0
0.0
0.0
0.0
0.0
0.0
0.0
0.0
0.0
0.0
0.0
0.0
0.0
0.0
0.0
7.758760703870038
6.9277522761350605
0.0
0.0
0.0
0.0
0.0
0.0
0.0
0.0
0.0
0.0
0.0
0.0
0.0
0.0
0.0
0.0
12.9361129262715
0.0
0.0
0.0
0.0
0.0
0.0
0.0
0.0
10.925344451096391
0.0
0.0
0.0
0.0
0.0
0.0
0.0
11.426538216668066
0.0
0.0
0.0
0.0
0.0
0.0
0.0
0.0
0.0
0.0
0.0
0.0
0.0
0.0
0.0
0.0
0.0
0.0
0.0
0.0
0.0
0.0
9.228612182440903
0.0
0.0
0.0
13.128671258809208
0.0
0.0
11.694321506253527
12.119005104386682
0.0
11.090478746584337
0.0
0.0
0.0
0.0
0.0
0.0
0.0
9.979497814832248
11.459211767067197
9.713371051080552
0.0
0.0
0.0
0.0
0.0
10.680971956874274
0.0
0.0
0.0
0.0
0.0
0.0
0.0
0.0
0.0
0.0
12.221463711690616
0.0
0.0
0.0
0.0
0.0
0.0
0.0
0.0
0.0
0.0
0.0
11.019943655590547
11.857242929702721
0.0
11.691528399180807
0.0
0.0
11.792875994360553
0.0
0.0
0.0
0.0
0.0
9.726254701888372
12.485971352271307
0.0
12.385606200744117
0.0
0.0
9.631704388453247
0.0
0.0
0.0
0.0
0.0
0.0
0.0
0.0
0.0
0.0
0.0
0.0
10.262797093392528
0.0
0.0
0.0
0.0
0.0
0.0
0.0
0.0
0.0
0.0
0.0
0.0
12.38235310573411
10.066369803427671
0.0
0.0
0.0
0.0
10.61125018781941
0.0
0.0
0.0
11.336182905459426
0.0
0.0
0.0
0.0
0.0
0.0
12.768665528068663
0.0
0.0
0.0
0.0
0.0
0.0
0.0
12.36842955626438
0.0
0.0
0.0
0.0
0.0
0.0
0.0
0.0
0.0
0.0
0.0
0.0
0.0
0.0
0.0
0.0
0.0
0.0
11.316355200772977
0.0
0.0
0.0
0.0
0.0
0.0
12.859643260245422
0.0
10.306871141925118
0.0
0.0
0.0
0.0
0.0
0.0
0.0
9.060008729212404
10.616615851128818
0.0
10.606213555966328
0.0
0.0
0.0
0.0
0.0
0.0
0.0
0.0
0.0
0.0
9.670727478591093
0.0
0.0
0.0
0.0
0.0
0.0
0.0
0.0
0.0
0.0
0.0
0.0
0.0
0.0
0.0
0.0
0.0
0.0
0.0
0.0
0.0
10.392438117112963
0.0
0.0
12.368552081822706
0.0
0.0
0.0
0.0
0.0
11.244946071007238
0.0
0.0
0.0
0.0
0.0
0.0
0.0
0.0
10.40897025030153
0.0
0.0
0.0
0.0
0.0
0.0
0.0
0.0
0.0
0.0
10.147599365530075
10.426343510308731
0.0
0.0
0.0
0.0
0.0
0.0
0.0
0.0
0.0
0.0
0.0
0.0
0.0
0.0
0.0
0.0
0.0
0.0
0.0
0.0
0.0
0.0
0.0
0.0
0.0
0.0
0.0
0.0
0.0
0.0
0.0
0.0
0.0
0.0
0.0
0.0
0.0
0.0
0.0
0.0
0.0
0.0
10.650317043877173
0.0
0.0
0.0
0.0
0.0
0.0
0.0
0.0
0.0
8.67376529072437
10.922109509628783
0.0
0.0
0.0
0.0
0.0
0.0
0.0
0.0
0.0
0.0
0.0
0.0
0.0
0.0
0.0
0.0
9.563769591442314
0.0
0.0
0.0
0.0
0.0
0.0
0.0
0.0
0.0
0.0
0.0
0.0
0.0
0.0
0.0
0.0
0.0
0.0
0.0
11.7376005872863
0.0
0.0
0.0
11.62720949630722
9.834913218287287
10.109542897667644
0.0
0.0
0.0
0.0
0.0
0.0
0.0
0.0
0.0
0.0
0.0
0.0
10.673485164452313
0.0
0.0
0.0
10.895591062406972
0.0
0.0
0.0
0.0
0.0
0.0
0.0
0.0
0.0
0.0
0.0
0.0
0.0
0.0
0.0
0.0
0.0
0.0
0.0
0.0
0.0
0.0
0.0
0.0
0.0
0.0
0.0
12.394062050785223
6.207661799181726
0.0
0.0
0.0
11.144374854853519
0.0
0.0
8.802561758593212
0.0
0.0
0.0
0.0
9.43382704452877
0.0
13.076733934492104
0.0
0.0
0.0
0.0
11.731206698645957
0.0
0.0
0.0
0.0
0.0
0.0
0.0
0.0
0.0
0.0
0.0
0.0
0.0
0.0
12.392910615413092
0.0
0.0
0.0
9.927689032080949
12.495119743743807
0.0
0.0
0.0
0.0
9.804499430228692
0.0
0.0
0.0
0.0
0.0
0.0
0.0
0.0
0.0
0.0
11.687165673538841
0.0
0.0
0.0
0.0
0.0
0.0
0.0
0.0
9.056466640857172
0.0
0.0
0.0
0.0
0.0
0.0
0.0
0.0
0.0
9.539636040004755
0.0
0.0
0.0
0.0
0.0
0.0
0.0
0.0
0.0
0.0
0.0
0.0
0.0
0.0
0.0
0.0
0.0
0.0
0.0
0.0
0.0
0.0
0.0
0.0
0.0
0.0
0.0
0.0
0.0
0.0
9.753104755819916
0.0
0.0
0.0
0.0
0.0
0.0
0.0
0.0
0.0
10.192767134594305
0.0
0.0
0.0
0.0
0.0
0.0
0.0
0.0
0.0
0.0
0.0
0.0
0.0
0.0
0.0
0.0
0.0
0.0
0.0
0.0
12.391220144967134
0.0
0.0
12.059048800604401
0.0
0.0
0.0
0.0
0.0
0.0
11.101729379859602
0.0
0.0
0.0
0.0
0.0
0.0
0.0
0.0
0.0
0.0
0.0
0.0
0.0
12.491236007111377
12.032755539131267
0.0
0.0
0.0
0.0
0.0
0.0
0.0
0.0
0.0
0.0
0.0
0.0
0.0
0.0
0.0
0.0
0.0
0.0
0.0
0.0
0.0
0.0
0.0
0.0
0.0
11.88217192750081
0.0
0.0
0.0
0.0
0.0
0.0
0.0
10.402643185547255
0.0
0.0
0.0
0.0
0.0
0.0
0.0
0.0
0.0
0.0
0.0
0.0
0.0
0.0
0.0
0.0
0.0
11.661906763477434
0.0
0.0
0.0
0.0
0.0
10.492617586461204
0.0
0.0
0.0
0.0
0.0
0.0
0.0
10.965047062959263
0.0
0.0
0.0
0.0
0.0
0.0
0.0
0.0
0.0
0.0
0.0
10.768207988628564
0.0
0.0
0.0
0.0
0.0
0.0
0.0
0.0
0.0
0.0
0.0
0.0
0.0
0.0
0.0
0.0
0.0
0.0
8.895725090691835
10.404606010601574
0.0
11.403356438766837
0.0
0.0
11.822865319961913
0.0
10.897011191392387
0.0
0.0
0.0
0.0
0.0
0.0
0.0
0.0
0.0
0.0
0.0
10.811346015997607
0.0
0.0
0.0
0.0
0.0
0.0
10.55077952845459
0.0
0.0
0.0
0.0
0.0
0.0
0.0
0.0
0.0
0.0
0.0
0.0
0.0
0.0
0.0
0.0
0.0
0.0
9.703343693420182
11.585087058623035
0.0
11.210616599102995
0.0
0.0
0.0
0.0
0.0
0.0
0.0
0.0
0.0
0.0
0.0
12.374394187083258
0.0
0.0
0.0
0.0
0.0
10.876929388788016
0.0
9.494772437296168
0.0
0.0
11.337373501967583
10.00072226939515
0.0
10.235712893451621
0.0
0.0
0.0
0.0
0.0
0.0
0.0
0.0
0.0
0.0
11.764462824033805
0.0
0.0
0.0
0.0
0.0
0.0
0.0
0.0
10.38991586471476
0.0
0.0
0.0
0.0
0.0
0.0
0.0
0.0
0.0
0.0
0.0
0.0
0.0
0.0
10.1697673879241
0.0
11.489838817381852
0.0
9.115544089279728
0.0
0.0
0.0
0.0
0.0
0.0
0.0
0.0
0.0
0.0
0.0
0.0
0.0
0.0
0.0
0.0
11.199124526009742
0.0
0.0
0.0
0.0
10.742004315838896
0.0
0.0
0.0
0.0
0.0
0.0
0.0
0.0
12.005679087627582
0.0
0.0
0.0
11.658316656149799
0.0
0.0
12.61806902374586
0.0
0.0
0.0
0.0
0.0
0.0
10.291549436041386
0.0
0.0
0.0
0.0
0.0
0.0
0.0
0.0
0.0
10.911876050377046
0.0
0.0
0.0
0.0
0.0
0.0
0.0
0.0
0.0
0.0
0.0
0.0
0.0
0.0
0.0
0.0
0.0
0.0
0.0
0.0
0.0
0.0
0.0
0.0
12.405051379632955
0.0
0.0
0.0
0.0
0.0
0.0
0.0
0.0
0.0
0.0
0.0
12.011980574075636
7.8080576055997
0.0
0.0
0.0
0.0
0.0
0.0
0.0
0.0
0.0
0.0
0.0
0.0
0.0
0.0
0.0
0.0
0.0
0.0
0.0
0.0
0.0
0.0
0.0
0.0
0.0
0.0
0.0
0.0
0.0
0.0
12.331836172414405
0.0
0.0
0.0
0.0
0.0
0.0
0.0
0.0
0.0
12.875734827447516
0.0
0.0
0.0
0.0
0.0
0.0
0.0
0.0
8.094130655281553
0.0
0.0
0.0
0.0
0.0
11.415362359302533
11.133921859984284
0.0
11.407514998077621
0.0
9.271393783367603
0.0
10.527341097422871
10.156824183701339
0.0
0.0
0.0
0.0
0.0
0.0
0.0
0.0
0.0
10.861059036487815
0.0
0.0
0.0
0.0
0.0
0.0
0.0
0.0
0.0
0.0
0.0
11.16805892761181
0.0
0.0
0.0
0.0
0.0
0.0
0.0
0.0
0.0
0.0
0.0
0.0
0.0
0.0
0.0
0.0
0.0
0.0
0.0
0.0
0.0
0.0
7.717513551818614
0.0
0.0
0.0
0.0
0.0
0.0
0.0
0.0
7.3419881795286175
0.0
0.0
0.0
0.0
0.0
11.623480529384754
0.0
0.0
11.055623921144518
9.87472014312209
0.0
0.0
0.0
0.0
0.0
0.0
12.36521309752541
0.0
0.0
0.0
10.654289936621593
0.0
11.385573366122967
0.0
0.0
0.0
0.0
0.0
0.0
0.0
0.0
0.0
0.0
0.0
12.663828669833759
0.0
0.0
0.0
0.0
0.0
0.0
0.0
0.0
0.0
0.0
0.0
0.0
0.0
10.429297619160986
0.0
0.0
0.0
0.0
0.0
0.0
0.0
0.0
0.0
0.0
0.0
0.0
0.0
0.0
10.925598398026358
0.0
0.0
0.0
0.0
0.0
0.0
0.0
0.0
0.0
0.0
0.0
0.0
0.0
0.0
0.0
0.0
0.0
0.0
0.0
0.0
0.0
0.0
0.0
0.0
0.0
0.0
0.0
0.0
0.0
0.0
0.0
0.0
0.0
0.0
11.15173324192538
0.0
0.0
0.0
12.162109619368714
0.0
0.0
0.0
0.0
0.0
0.0
0.0
0.0
0.0
0.0
9.712408439427723
0.0
0.0
0.0
0.0
0.0
11.855047275437316
0.0
11.991407578655467
0.0
0.0
0.0
0.0
0.0
0.0
0.0
11.391022354047218
0.0
0.0
0.0
0.0
0.0
0.0
0.0
10.529245907577902
0.0
0.0
0.0
0.0
0.0
0.0
0.0
0.0
0.0
10.817314347064427
0.0
0.0
0.0
0.0
0.0
0.0
9.962616633559188
0.0
0.0
0.0
12.459619944792403
0.0
0.0
0.0
0.0
0.0
0.0
0.0
0.0
0.0
0.0
0.0
0.0
0.0
0.0
11.520847375663587
0.0
0.0
0.0
0.0
0.0
0.0
0.0
0.0
0.0
10.758455155301958
0.0
0.0
0.0
0.0
0.0
0.0
0.0
0.0
0.0
0.0
9.45326236615886
7.789491346996491
0.0
0.0
0.0
12.028826803464234
0.0
0.0
0.0
0.0
9.968673142503356
0.0
0.0
0.0
0.0
0.0
0.0
10.658863318981796
0.0
0.0
0.0
0.0
0.0
0.0
0.0
0.0
0.0
0.0
0.0
0.0
9.435146619576608
0.0
12.449668389239765
0.0
0.0
11.400039598951675
0.0
0.0
11.870549372026353
0.0
9.395310242716683
0.0
0.0
0.0
0.0
0.0
0.0
0.0
11.418469782288572
0.0
0.0
0.0
0.0
0.0
0.0
0.0
0.0
0.0
0.0
0.0
0.0
0.0
0.0
0.0
0.0
0.0
0.0
0.0
0.0
11.728447761750775
0.0
0.0
0.0
0.0
0.0
0.0
0.0
0.0
10.047419964911835
0.0
0.0
0.0
0.0
10.905296749307952
0.0
0.0
0.0
9.028117031151451
0.0
0.0
0.0
0.0
0.0
0.0
0.0
0.0
7.465255763175755
0.0
0.0
10.895312027177436
0.0
0.0
0.0
0.0
0.0
0.0
0.0
0.0
0.0
0.0
0.0
0.0
0.0
0.0
0.0
0.0
0.0
0.0
0.0
0.0
0.0
0.0
0.0
0.0
0.0
0.0
0.0
0.0
7.0363132606047465
0.0
0.0
0.0
0.0
0.0
0.0
0.0
8.551550578547813
0.0
0.0
0.0
0.0
0.0
9.724606257999195
0.0
0.0
0.0
0.0
0.0
0.0
0.0
0.0
0.0
0.0
10.273445336468932
0.0
0.0
0.0
0.0
0.0
0.0
0.0
8.60971941758718
0.0
0.0
0.0
0.0
0.0
0.0
0.0
11.517980598869409
0.0
0.0
12.978989238490264
0.0
12.831341447290972
0.0
0.0
0.0
0.0
0.0
0.0
0.0
0.0
0.0
0.0
0.0
9.449422572180062
0.0
0.0
10.52415705772667
0.0
0.0
0.0
0.0
0.0
0.0
0.0
0.0
10.560648038898048
8.540051446732699
0.0
0.0
0.0
0.0
0.0
0.0
0.0
0.0
0.0
0.0
10.00130520794563
0.0
0.0
0.0
11.208812363324835
0.0
0.0
0.0
0.0
0.0
0.0
0.0
0.0
0.0
0.0
0.0
0.0
0.0
0.0
0.0
0.0
0.0
0.0
0.0
0.0
0.0
0.0
0.0
0.0
0.0
0.0
0.0
0.0
12.1885008367571
0.0
0.0
11.02843068788006
0.0
0.0
0.0
0.0
0.0
0.0
0.0
11.344806585013096
0.0
0.0
0.0
0.0
0.0
0.0
0.0
0.0
13.063840154374208
0.0
8.923426482352008
0.0
0.0
9.734866538102946
0.0
0.0
0.0
0.0
0.0
11.707822996275612
0.0
11.44891061251899
0.0
0.0
0.0
0.0
0.0
0.0
0.0
0.0
0.0
0.0
0.0
0.0
0.0
0.0
0.0
10.127031764879952
0.0
0.0
11.751870305556634
0.0
0.0
0.0
0.0
0.0
0.0
0.0
0.0
10.509202613617001
0.0
0.0
0.0
0.0
0.0
0.0
0.0
0.0
0.0
0.0
0.0
0.0
0.0
0.0
0.0
0.0
0.0
0.0
10.499747177407205
11.568194466790343
0.0
0.0
0.0
0.0
0.0
0.0
0.0
0.0
0.0
0.0
0.0
0.0
0.0
0.0
0.0
0.0
12.480290279091545
0.0
0.0
0.0
0.0
0.0
0.0
11.626652598114203
0.0
0.0
12.685563267380532
0.0
0.0
0.0
0.0
0.0
0.0
0.0
0.0
0.0
0.0
0.0
0.0
0.0
0.0
0.0
11.87702004628781
0.0
0.0
0.0
10.721524427127159
0.0
0.0
11.26601844962803
10.91119023179058
0.0
0.0
0.0
0.0
0.0
0.0
0.0
0.0
0.0
10.909458679591745
0.0
11.934608683138535
0.0
0.0
0.0
0.0
0.0
0.0
0.0
0.0
13.079981240803804
0.0
0.0
0.0
0.0
0.0
0.0
0.0
0.0
0.0
0.0
0.0
0.0
0.0
0.0
0.0
0.0
0.0
0.0
11.303168295363996
8.68094772462848
0.0
0.0
0.0
0.0
0.0
0.0
0.0
0.0
0.0
0.0
0.0
0.0
0.0
10.929299319337414
0.0
0.0
0.0
9.862088567341022
0.0
0.0
0.0
0.0
0.0
0.0
0.0
0.0
9.832779147435046
0.0
0.0
0.0
0.0
0.0
0.0
0.0
0.0
11.917479720391315
0.0
0.0
0.0
0.0
0.0
0.0
0.0
0.0
0.0
10.178893446794037
0.0
0.0
9.867591800018747
0.0
0.0
12.702865706065433
0.0
0.0
0.0
0.0
0.0
0.0
0.0
0.0
0.0
10.896071922643165
0.0
0.0
0.0
0.0
0.0
0.0
0.0
0.0
0.0
0.0
10.068308424457404
0.0
0.0
0.0
10.7962615973623
0.0
0.0
0.0
9.823800268291905
0.0
0.0
0.0
0.0
0.0
0.0
0.0
0.0
0.0
0.0
0.0
0.0
0.0
0.0
0.0
0.0
0.0
0.0
0.0
0.0
0.0
0.0
0.0
0.0
0.0
0.0
0.0
0.0
0.0
0.0
0.0
0.0
0.0
0.0
0.0
0.0
0.0
0.0
0.0
0.0
0.0
0.0
0.0
0.0
0.0
0.0
0.0
0.0
0.0
0.0
0.0
0.0
0.0
0.0
0.0
0.0
0.0
0.0
0.0
0.0
0.0
0.0
0.0
0.0
0.0
0.0
11.338275697246166
0.0
0.0
0.0
0.0
11.94554637980367
0.0
0.0
0.0
0.0
0.0
10.656218098023086
0.0
0.0
0.0
0.0
0.0
9.885936380612193
0.0
12.002064268293497
0.0
0.0
0.0
0.0
0.0
0.0
0.0
0.0
0.0
0.0
0.0
0.0
0.0
0.0
0.0
0.0
0.0
0.0
0.0
0.0
11.476740769282593
0.0
0.0
0.0
0.0
0.0
0.0
0.0
0.0
7.8665570143929715
9.537808541356961
0.0
0.0
0.0
0.0
0.0
0.0
0.0
0.0
10.766309347396353
0.0
0.0
0.0
0.0
0.0
0.0
12.604348797365345
0.0
0.0
0.0
0.0
0.0
5.14320378996845
0.0
0.0
0.0
0.0
0.0
0.0
11.694600671553903
0.0
0.0
0.0
0.0
0.0
0.0
0.0
0.0
0.0
0.0
0.0
0.0
0.0
0.0
0.0
0.0
0.0
0.0
0.0
0.0
0.0
0.0
0.0
0.0
0.0
0.0
11.645997009255169
0.0
0.0
0.0
10.023971576404447
0.0
0.0
0.0
0.0
0.0
0.0
0.0
0.0
0.0
0.0
0.0
0.0
0.0
12.021446929221364
0.0
0.0
0.0
0.0
0.0
0.0
0.0
8.603559447863137
0.0
0.0
0.0
0.0
0.0
12.26347370544284
11.571331141888816
0.0
0.0
0.0
0.0
0.0
0.0
0.0
0.0
0.0
0.0
11.56075891781757
0.0
0.0
0.0
0.0
0.0
0.0
0.0
0.0
0.0
0.0
11.792557324123479
0.0
10.456428191413819
12.759442842984585
0.0
0.0
0.0
0.0
11.240281416773309
0.0
11.506758319844943
0.0
0.0
0.0
0.0
13.115157325031674
0.0
0.0
0.0
0.0
0.0
0.0
0.0
0.0
0.0
0.0
0.0
0.0
0.0
0.0
0.0
9.829087436951106
0.0
0.0
0.0
0.0
0.0
0.0
0.0
0.0
0.0
0.0
0.0
0.0
0.0
9.927696897538445
0.0
0.0
0.0
0.0
0.0
10.96479843693566
0.0
0.0
0.0
0.0
0.0
0.0
0.0
0.0
0.0
0.0
0.0
0.0
0.0
0.0
0.0
0.0
0.0
0.0
0.0
0.0
0.0
0.0
0.0
0.0
0.0
0.0
0.0
0.0
11.308422433878743
12.187215811650985
0.0
0.0
0.0
0.0
0.0
9.393432002100397
0.0
0.0
0.0
9.222747696377526
0.0
0.0
0.0
0.0
0.0
0.0
0.0
0.0
0.0
0.0
0.0
0.0
0.0
0.0
11.360837228760841
0.0
0.0
0.0
0.0
0.0
0.0
0.0
0.0
0.0
0.0
0.0
0.0
0.0
10.207463001978297
0.0
0.0
0.0
0.0
0.0
11.38201421194542
0.0
0.0
0.0
0.0
0.0
8.078365826347081
0.0
0.0
0.0
0.0
0.0
0.0
0.0
0.0
0.0
0.0
0.0
9.445689377368769
0.0
0.0
0.0
0.0
0.0
0.0
0.0
0.0
0.0
0.0
0.0
0.0
0.0
11.908885692557128
0.0
0.0
0.0
0.0
0.0
0.0
0.0
0.0
0.0
8.578734919729651
0.0
0.0
0.0
0.0
0.0
0.0
10.145522858340422
0.0
0.0
10.634856548095089
0.0
0.0
0.0
0.0
0.0
0.0
0.0
0.0
0.0
0.0
0.0
0.0
0.0
0.0
0.0
0.0
0.0
0.0
0.0
0.0
0.0
0.0
0.0
0.0
0.0
0.0
0.0
11.909112683675366
0.0
0.0
0.0
0.0
9.244939799318423
0.0
0.0
0.0
0.0
0.0
0.0
0.0
0.0
0.0
0.0
12.342260903772504
0.0
11.281264697445154
0.0
0.0
0.0
0.0
0.0
0.0
0.0
0.0
0.0
0.0
0.0
8.115047108630485
0.0
0.0
0.0
10.461512343933304
10.588306150977948
11.285344314846864
0.0
11.441032227347923
11.941537654442698
0.0
0.0
0.0
12.738096438634829
11.671814141090733
0.0
0.0
10.766815214641484
0.0
0.0
0.0
0.0
0.0
9.506388668151839
10.076722510199435
0.0
0.0
0.0
0.0
12.042013870101375
0.0
0.0
0.0
0.0
0.0
0.0
0.0
0.0
0.0
0.0
0.0
0.0
0.0
0.0
0.0
0.0
0.0
0.0
0.0
0.0
0.0
0.0
0.0
0.0
10.73580486987654
0.0
0.0
0.0
0.0
0.0
0.0
0.0
0.0
0.0
0.0
0.0
0.0
0.0
0.0
0.0
0.0
0.0
0.0
0.0
0.0
0.0
0.0
0.0
0.0
0.0
0.0
0.0
0.0
0.0
0.0
11.763212752041337
11.993406706156392
0.0
0.0
0.0
0.0
0.0
9.410638804300403
0.0
0.0
0.0
0.0
0.0
0.0
0.0
0.0
0.0
0.0
0.0
0.0
0.0
0.0
0.0
0.0
0.0
12.839504052069328
0.0
0.0
0.0
0.0
0.0
0.0
0.0
12.324489126759534
0.0
0.0
0.0
0.0
0.0
0.0
0.0
9.733336107850407
0.0
0.0
0.0
0.0
0.0
0.0
0.0
0.0
0.0
0.0
10.10356723466229
0.0
0.0
0.0
0.0
0.0
11.0255677678216
0.0
0.0
0.0
0.0
0.0
0.0
0.0
0.0
8.839709804480144
0.0
10.911702615401056
0.0
0.0
0.0
0.0
12.284341306513102
0.0
0.0
0.0
12.833802857430724
12.192055483030632
10.272743284906179
0.0
9.428404589050409
0.0
0.0
0.0
0.0
0.0
10.984867375368548
0.0
0.0
0.0
0.0
0.0
0.0
0.0
10.587832152488538
0.0
0.0
0.0
0.0
0.0
0.0
0.0
0.0
0.0
0.0
0.0
0.0
12.504878150672594
0.0
0.0
0.0
0.0
0.0
8.514481154773916
0.0
0.0
0.0
0.0
0.0
0.0
0.0
0.0
0.0
0.0
0.0
0.0
0.0
0.0
0.0
0.0
0.0
0.0
0.0
7.507036442314272
0.0
0.0
0.0
11.02251813679344
0.0
0.0
0.0
0.0
0.0
0.0
0.0
0.0
0.0
0.0
10.707856473319225
0.0
11.488411322933006
0.0
0.0
0.0
0.0
12.689537381833238
0.0
0.0
0.0
0.0
0.0
0.0
0.0
0.0
0.0
0.0
0.0
0.0
0.0
0.0
0.0
0.0
0.0
0.0
0.0
0.0
0.0
0.0
0.0
0.0
0.0
0.0
11.089198798229317
0.0
0.0
0.0
0.0
0.0
12.037297169836712
10.01804783730035
0.0
0.0
0.0
0.0
0.0
0.0
0.0
0.0
0.0
0.0
0.0
10.389581996181683
0.0
0.0
0.0
12.501030352205238
0.0
0.0
0.0
0.0
0.0
0.0
0.0
0.0
11.995316412131931
0.0
0.0
0.0
0.0
0.0
0.0
0.0
0.0
0.0
0.0
0.0
0.0
0.0
0.0
0.0
12.830110047626489
0.0
0.0
0.0
0.0
0.0
0.0
0.0
0.0
0.0
0.0
0.0
0.0
0.0
0.0
10.765763934042441
0.0
0.0
0.0
9.940747670024908
0.0
0.0
9.888148946770215
0.0
0.0
0.0
0.0
0.0
0.0
0.0
0.0
0.0
0.0
0.0
0.0
0.0
0.0
0.0
0.0
0.0
0.0
0.0
0.0
0.0
0.0
0.0
0.0
0.0
0.0
0.0
0.0
0.0
0.0
0.0
0.0
0.0
0.0
0.0
0.0
0.0
0.0
0.0
0.0
0.0
0.0
0.0
0.0
0.0
0.0
0.0
0.0
0.0
0.0
0.0
0.0
0.0
0.0
0.0
0.0
0.0
0.0
0.0
0.0
0.0
0.0
0.0
0.0
0.0
11.741094912661271
10.961492918112297
0.0
0.0
0.0
0.0
0.0
0.0
0.0
0.0
0.0
0.0
9.852337043299302
0.0
0.0
0.0
10.672546373419985
0.0
0.0
12.159643822190592
0.0
8.093064907331343
0.0
0.0
0.0
0.0
0.0
0.0
0.0
0.0
0.0
0.0
0.0
0.0
10.369728915139751
0.0
0.0
0.0
10.785062148190235
10.945517447146594
0.0
0.0
0.0
0.0
0.0
0.0
0.0
0.0
0.0
0.0
0.0
0.0
0.0
0.0
0.0
0.0
0.0
11.276307320936283
0.0
0.0
0.0
8.526440272503702
0.0
0.0
0.0
0.0
0.0
0.0
0.0
0.0
0.0
0.0
9.957792932650552
0.0
0.0
0.0
0.0
0.0
0.0
10.80098505315854
0.0
0.0
0.0
0.0
0.0
0.0
0.0
0.0
0.0
0.0
0.0
0.0
13.096210037675277
0.0
0.0
0.0
0.0
0.0
0.0
0.0
0.0
0.0
0.0
0.0
0.0
11.80658187492601
0.0
0.0
0.0
0.0
9.500157415266472
0.0
0.0
0.0
0.0
0.0
0.0
0.0
0.0
0.0
0.0
0.0
0.0
0.0
0.0
0.0
0.0
0.0
9.924704838176016
0.0
0.0
0.0
0.0
0.0
0.0
0.0
0.0
9.8824941922144
0.0
12.949228863321945
0.0
0.0
0.0
0.0
0.0
0.0
0.0
0.0
0.0
0.0
0.0
0.0
0.0
0.0
0.0
0.0
0.0
0.0
0.0
0.0
0.0
0.0
0.0
0.0
0.0
0.0
0.0
0.0
0.0
0.0
0.0
0.0
0.0
0.0
0.0
0.0
0.0
0.0
0.0
0.0
0.0
0.0
0.0
10.868139495422689
0.0
0.0
0.0
0.0
0.0
9.722505370003447
0.0
0.0
0.0
0.0
11.823342564466211
11.325352565294633
0.0
10.664681240136616
0.0
0.0
0.0
0.0
0.0
0.0
0.0
0.0
0.0
0.0
0.0
0.0
0.0
0.0
11.455256209592607
0.0
0.0
0.0
0.0
0.0
0.0
0.0
0.0
0.0
0.0
0.0
0.0
0.0
0.0
0.0
0.0
0.0
0.0
0.0
11.718860643398765
0.0
0.0
9.810985508302618
0.0
0.0
0.0
0.0
0.0
0.0
0.0
0.0
11.629158286406629
0.0
0.0
9.797881049244014
0.0
0.0
9.153859810352225
12.347024480849397
0.0
0.0
10.090456779944718
0.0
0.0
0.0
0.0
0.0
11.2957171658077
0.0
0.0
0.0
0.0
0.0
0.0
0.0
0.0
0.0
0.0
0.0
0.0
11.626386861423477
0.0
0.0
0.0
0.0
0.0
0.0
0.0
0.0
0.0
11.284955770129224
0.0
0.0
9.526772881604439
0.0
0.0
10.154090296934188
11.73365256246285
0.0
0.0
0.0
0.0
0.0
10.093774964016673
0.0
0.0
0.0
0.0
10.392519277991596
0.0
0.0
0.0
0.0
0.0
0.0
0.0
0.0
0.0
0.0
0.0
0.0
0.0
0.0
0.0
0.0
0.0
0.0
0.0
11.580496181600916
11.255004844267699
0.0
0.0
0.0
0.0
0.0
0.0
0.0
0.0
0.0
0.0
11.767053237574958
0.0
0.0
0.0
0.0
0.0
0.0
0.0
0.0
0.0
0.0
0.0
0.0
0.0
0.0
0.0
0.0
0.0
0.0
0.0
0.0
0.0
0.0
0.0
0.0
0.0
11.420287104872456
0.0
0.0
0.0
0.0
0.0
0.0
0.0
0.0
0.0
0.0
0.0
0.0
0.0
0.0
0.0
0.0
0.0
0.0
0.0
0.0
11.41971780318843
0.0
0.0
0.0
0.0
0.0
0.0
0.0
0.0
0.0
0.0
0.0
0.0
0.0
0.0
0.0
0.0
0.0
0.0
0.0
0.0
0.0
0.0
0.0
0.0
0.0
0.0
0.0
0.0
8.867271589144226
0.0
0.0
0.0
0.0
0.0
0.0
0.0
0.0
0.0
0.0
0.0
0.0
9.310225799792608
0.0
0.0
11.632386349540011
0.0
0.0
9.286246730118842
0.0
0.0
0.0
0.0
0.0
11.978163653206629
0.0
0.0
0.0
0.0
0.0
0.0
0.0
0.0
7.40486727521809
0.0
0.0
12.384861851279247
0.0
0.0
0.0
0.0
12.826373221390307
0.0
0.0
0.0
12.333155190507997
12.623344760277782
0.0
0.0
0.0
0.0
0.0
0.0
0.0
0.0
0.0
0.0
0.0
0.0
0.0
0.0
0.0
0.0
11.728318646586576
0.0
0.0
0.0
0.0
10.60880357606873
0.0
0.0
0.0
0.0
0.0
0.0
0.0
12.339117089628198
0.0
0.0
0.0
12.089363267067341
0.0
8.4668292242217
10.749811067535527
9.049836531938826
11.745432747033117
0.0
0.0
0.0
0.0
0.0
0.0
0.0
0.0
0.0
0.0
0.0
0.0
0.0
0.0
7.318313122750766
0.0
0.0
0.0
0.0
0.0
0.0
10.287477151509934
12.794904232104564
0.0
0.0
0.0
0.0
11.358153837016818
0.0
0.0
0.0
0.0
0.0
0.0
0.0
0.0
0.0
0.0
11.78721581524757
0.0
0.0
0.0
0.0
0.0
0.0
0.0
0.0
11.894978588749181
0.0
0.0
0.0
0.0
0.0
0.0
0.0
11.272111278442157
0.0
0.0
0.0
0.0
0.0
0.0
0.0
0.0
0.0
9.64724153792238
0.0
0.0
0.0
0.0
12.162196034910892
0.0
11.034366505550077
0.0
12.46482268647371
0.0
11.518396912252811
0.0
0.0
10.354809201420718
0.0
0.0
0.0
0.0
0.0
0.0
0.0
0.0
0.0
0.0
0.0
0.0
0.0
0.0
0.0
0.0
0.0
0.0
0.0
0.0
0.0
0.0
0.0
0.0
0.0
0.0
0.0
0.0
0.0
0.0
8.908830455020574
0.0
0.0
0.0
0.0
0.0
0.0
0.0
0.0
9.146888371401063
0.0
0.0
0.0
0.0
0.0
0.0
0.0
0.0
0.0
0.0
0.0
0.0
0.0
0.0
0.0
0.0
0.0
0.0
0.0
0.0
0.0
0.0
0.0
0.0
0.0
0.0
0.0
0.0
0.0
0.0
0.0
0.0
0.0
10.473805693458923
10.166740609895017
0.0
0.0
0.0
0.0
0.0
0.0
0.0
0.0
0.0
0.0
0.0
0.0
0.0
0.0
0.0
0.0
0.0
0.0
11.140594662606217
0.0
0.0
12.927672981768803
0.0
0.0
0.0
0.0
0.0
0.0
0.0
0.0
0.0
12.557518268852185
0.0
0.0
0.0
13.026816950943651
0.0
0.0
0.0
0.0
0.0
0.0
0.0
0.0
11.484650828011095
0.0
0.0
0.0
0.0
0.0
0.0
0.0
0.0
0.0
0.0
0.0
0.0
0.0
0.0
0.0
0.0
11.618995280802647
0.0
0.0
0.0
0.0
0.0
0.0
0.0
0.0
0.0
0.0
0.0
0.0
0.0
0.0
0.0
0.0
0.0
0.0
0.0
0.0
0.0
0.0
0.0
0.0
12.125509313368681
10.804205798106318
0.0
0.0
0.0
0.0
0.0
0.0
0.0
0.0
0.0
0.0
0.0
0.0
0.0
0.0
10.087816756254483
0.0
0.0
0.0
0.0
0.0
0.0
0.0
0.0
0.0
8.468497486504953
0.0
0.0
0.0
0.0
0.0
0.0
0.0
11.170254308925314
0.0
0.0
9.288011306200852
0.0
0.0
0.0
0.0
0.0
0.0
0.0
0.0
0.0
0.0
0.0
0.0
0.0
0.0
12.407955635864255
0.0
0.0
0.0
0.0
0.0
0.0
0.0
0.0
0.0
0.0
0.0
0.0
0.0
0.0
0.0
0.0
0.0
0.0
0.0
0.0
0.0
0.0
0.0
0.0
0.0
0.0
0.0
0.0
0.0
0.0
0.0
0.0
0.0
0.0
0.0
0.0
0.0
11.506594741286385
0.0
0.0
0.0
9.725439833303353
8.432605333688453
0.0
0.0
0.0
0.0
0.0
0.0
0.0
0.0
0.0
0.0
0.0
11.793464358412844
0.0
0.0
0.0
0.0
0.0
0.0
0.0
0.0
0.0
0.0
0.0
0.0
0.0
0.0
0.0
0.0
0.0
0.0
0.0
0.0
0.0
0.0
0.0
0.0
0.0
0.0
0.0
0.0
0.0
0.0
0.0
0.0
0.0
0.0
0.0
0.0
0.0
0.0
0.0
0.0
0.0
0.0
0.0
0.0
0.0
0.0
0.0
0.0
0.0
0.0
0.0
0.0
0.0
0.0
0.0
0.0
0.0
8.766313873833276
0.0
0.0
0.0
0.0
0.0
0.0
0.0
0.0
12.10800922943387
0.0
0.0
0.0
0.0
0.0
0.0
0.0
11.530588262058906
12.502149022788789
0.0
0.0
10.986911707533237
0.0
0.0
0.0
0.0
12.467660839197618
0.0
0.0
0.0
0.0
0.0
0.0
0.0
0.0
0.0
0.0
0.0
0.0
0.0
0.0
0.0
0.0
0.0
0.0
0.0
0.0
0.0
0.0
0.0
0.0
0.0
0.0
0.0
0.0
0.0
0.0
0.0
0.0
0.0
0.0
0.0
0.0
0.0
0.0
0.0
0.0
0.0
0.0
0.0
7.362381822551995
0.0
0.0
0.0
0.0
0.0
0.0
0.0
0.0
0.0
0.0
0.0
0.0
0.0
0.0
0.0
0.0
10.190183180388452
0.0
0.0
0.0
0.0
0.0
0.0
0.0
0.0
0.0
0.0
0.0
0.0
0.0
0.0
0.0
0.0
0.0
0.0
0.0
0.0
0.0
0.0
0.0
0.0
0.0
0.0
0.0
0.0
11.890856618841271
0.0
12.14969504785714
0.0
0.0
0.0
0.0
0.0
0.0
0.0
0.0
0.0
0.0
0.0
0.0
0.0
10.956836361456487
0.0
0.0
10.870544230752195
0.0
0.0
0.0
0.0
0.0
0.0
0.0
0.0
0.0
0.0
0.0
0.0
0.0
0.0
0.0
9.38802662988881
0.0
0.0
0.0
0.0
0.0
0.0
0.0
0.0
0.0
0.0
0.0
0.0
9.143832818617154
0.0
9.639130178099544
0.0
0.0
0.0
0.0
0.0
0.0
0.0
10.509941400854252
0.0
0.0
0.0
0.0
0.0
0.0
0.0
9.987701882518879
0.0
0.0
0.0
0.0
0.0
0.0
11.50335073523124
0.0
0.0
0.0
0.0
0.0
0.0
0.0
0.0
0.0
0.0
0.0
0.0
0.0
12.501141498783275
0.0
0.0
0.0
0.0
0.0
11.22028183796964
10.867195059332497
0.0
0.0
0.0
0.0
0.0
0.0
11.590794080797728
0.0
0.0
0.0
0.0
0.0
0.0
0.0
0.0
0.0
0.0
0.0
0.0
0.0
10.05702516446697
0.0
0.0
0.0
10.002930505125896
0.0
0.0
0.0
0.0
0.0
7.407321020572355
0.0
0.0
0.0
11.325141114988853
0.0
0.0
0.0
0.0
0.0
0.0
11.283856711390628
0.0
0.0
0.0
0.0
10.764888119929807
0.0
0.0
11.909413263006883
0.0
0.0
0.0
0.0
0.0
0.0
0.0
0.0
0.0
0.0
0.0
0.0
11.955482751049685
0.0
0.0
0.0
0.0
0.0
0.0
0.0
0.0
0.0
0.0
0.0
0.0
0.0
0.0
0.0
0.0
0.0
0.0
0.0
11.054975814590616
0.0
0.0
0.0
0.0
0.0
0.0
0.0
0.0
8.877775346946194
0.0
0.0
0.0
0.0
0.0
0.0
0.0
0.0
0.0
0.0
0.0
0.0
0.0
0.0
0.0
0.0
0.0
0.0
0.0
0.0
0.0
0.0
0.0
0.0
0.0
0.0
0.0
0.0
0.0
0.0
0.0
11.88250425513054
0.0
0.0
0.0
0.0
0.0
0.0
11.218380147379296
11.821468504303143
0.0
10.15604956897297
0.0
0.0
0.0
0.0
0.0
0.0
9.292239550284831
0.0
0.0
11.697483694553627
0.0
0.0
0.0
0.0
0.0
0.0
0.0
0.0
0.0
0.0
0.0
0.0
0.0
0.0
0.0
0.0
0.0
11.93416135320689
0.0
0.0
0.0
0.0
0.0
0.0
0.0
0.0
0.0
0.0
0.0
10.094323153640824
0.0
0.0
0.0
0.0
0.0
0.0
0.0
0.0
0.0
0.0
0.0
9.601700195237058
0.0
10.531512986013993
0.0
0.0
0.0
0.0
0.0
0.0
0.0
12.382330059785273
0.0
0.0
0.0
0.0
11.388640148853465
0.0
0.0
6.92231815016435
0.0
0.0
0.0
0.0
0.0
0.0
0.0
0.0
0.0
0.0
0.0
0.0
0.0
0.0
0.0
10.045490237897498
0.0
0.0
0.0
0.0
0.0
0.0
0.0
0.0
0.0
0.0
0.0
8.454565603604653
0.0
0.0
0.0
0.0
0.0
9.86628763623872
0.0
0.0
12.113832377754624
0.0
11.359633503901264
0.0
0.0
0.0
0.0
10.580919826546083
8.952947928216446
0.0
8.20506335592148
0.0
0.0
0.0
0.0
0.0
0.0
0.0
0.0
0.0
0.0
0.0
0.0
0.0
0.0
0.0
0.0
0.0
0.0
0.0
0.0
0.0
10.882227451020707
0.0
0.0
0.0
0.0
11.274517725304959
8.830251800009144
0.0
0.0
0.0
0.0
0.0
0.0
0.0
0.0
0.0
0.0
0.0
0.0
0.0
0.0
0.0
0.0
0.0
0.0
0.0
0.0
0.0
10.803475475061257
12.902601990505358
0.0
0.0
9.084697295452278
0.0
0.0
0.0
0.0
0.0
0.0
0.0
0.0
0.0
0.0
0.0
0.0
9.72443771102163
0.0
0.0
0.0
0.0
0.0
0.0
0.0
0.0
0.0
0.0
0.0
0.0
0.0
0.0
0.0
0.0
0.0
0.0
0.0
9.563671855543445
12.811549549779096
0.0
0.0
0.0
0.0
0.0
0.0
0.0
0.0
0.0
0.0
0.0
0.0
0.0
0.0
0.0
0.0
0.0
0.0
0.0
0.0
0.0
0.0
0.0
0.0
0.0
0.0
0.0
0.0
0.0
0.0
0.0
0.0
0.0
0.0
0.0
0.0
0.0
11.474239805648782
0.0
0.0
0.0
0.0
0.0
0.0
0.0
0.0
0.0
0.0
0.0
0.0
0.0
0.0
0.0
10.573486736621383
0.0
0.0
0.0
0.0
0.0
0.0
0.0
0.0
0.0
0.0
0.0
0.0
0.0
12.18523740036895
0.0
0.0
0.0
0.0
0.0
0.0
0.0
0.0
0.0
0.0
0.0
0.0
12.15686981506148
0.0
0.0
0.0
0.0
0.0
0.0
0.0
0.0
0.0
0.0
0.0
0.0
0.0
0.0
0.0
0.0
0.0
0.0
0.0
0.0
0.0
0.0
0.0
0.0
0.0
0.0
8.718497211207419
0.0
0.0
0.0
0.0
0.0
0.0
0.0
11.300463158920335
0.0
0.0
0.0
0.0
0.0
0.0
0.0
0.0
0.0
0.0
12.568376893923086
0.0
0.0
0.0
0.0
0.0
0.0
0.0
9.436133852378065
10.667636497694357
11.342473775639295
0.0
0.0
0.0
0.0
0.0
0.0
0.0
8.3243273776068
0.0
0.0
0.0
0.0
0.0
0.0
0.0
7.380595461163548
0.0
0.0
0.0
0.0
0.0
0.0
0.0
0.0
0.0
0.0
0.0
0.0
9.337848796078143
10.161103465081881
0.0
0.0
9.531166200330007
0.0
0.0
11.39491356708456
0.0
0.0
0.0
0.0
0.0
0.0
0.0
0.0
0.0
0.0
0.0
0.0
0.0
0.0
10.386288734502097
0.0
0.0
0.0
0.0
0.0
0.0
12.213370514278122
0.0
0.0
0.0
0.0
11.191441456549121
0.0
0.0
0.0
0.0
0.0
0.0
0.0
0.0
0.0
0.0
0.0
0.0
0.0
0.0
0.0
0.0
0.0
0.0
0.0
0.0
0.0
0.0
0.0
0.0
0.0
0.0
10.534527091317724
10.303112225391551
0.0
0.0
0.0
0.0
0.0
0.0
0.0
0.0
0.0
0.0
0.0
0.0
0.0
0.0
0.0
0.0
0.0
0.0
0.0
0.0
0.0
0.0
0.0
0.0
0.0
0.0
0.0
0.0
0.0
11.385072087109512
10.953205539965067
0.0
0.0
0.0
0.0
0.0
0.0
11.693647284330607
0.0
0.0
0.0
12.298103911324313
0.0
0.0
0.0
0.0
10.049900067366353
0.0
0.0
0.0
0.0
0.0
0.0
0.0
0.0
0.0
0.0
0.0
0.0
8.974345607116664
0.0
0.0
0.0
0.0
0.0
0.0
0.0
0.0
0.0
0.0
0.0
11.595029612482803
11.940009190336962
0.0
0.0
0.0
0.0
0.0
0.0
0.0
0.0
0.0
0.0
0.0
0.0
0.0
0.0
0.0
0.0
0.0
0.0
0.0
11.608938220481948
0.0
0.0
0.0
0.0
0.0
0.0
0.0
0.0
0.0
0.0
0.0
0.0
0.0
0.0
0.0
0.0
0.0
0.0
0.0
0.0
0.0
0.0
0.0
0.0
0.0
0.0
12.35181860785728
0.0
0.0
0.0
0.0
0.0
0.0
0.0
10.44834280331655
0.0
0.0
0.0
0.0
0.0
9.634990794571413
0.0
0.0
0.0
9.9052636134796
0.0
0.0
0.0
0.0
0.0
11.108524285152559
0.0
0.0
0.0
0.0
11.853873707014728
0.0
0.0
0.0
0.0
0.0
0.0
0.0
0.0
0.0
0.0
0.0
0.0
0.0
0.0
0.0
0.0
0.0
0.0
0.0
0.0
0.0
0.0
0.0
0.0
0.0
0.0
0.0
0.0
0.0
0.0
0.0
0.0
0.0
0.0
0.0
0.0
0.0
0.0
10.82788493239413
0.0
0.0
10.010718275058242
0.0
0.0
0.0
0.0
0.0
0.0
0.0
0.0
0.0
12.36774176721562
0.0
0.0
0.0
0.0
0.0
0.0
0.0
11.020090811562522
0.0
0.0
0.0
0.0
0.0
0.0
0.0
0.0
0.0
0.0
0.0
0.0
10.17109357989099
0.0
0.0
0.0
0.0
0.0
0.0
0.0
0.0
0.0
0.0
0.0
0.0
0.0
0.0
0.0
12.209070686684074
0.0
0.0
0.0
0.0
0.0
0.0
9.043413346062538
0.0
0.0
0.0
0.0
0.0
0.0
0.0
0.0
0.0
0.0
0.0
0.0
0.0
0.0
0.0
0.0
0.0
0.0
12.121700044205923
0.0
0.0
9.16676203685113
0.0
0.0
0.0
0.0
0.0
0.0
0.0
0.0
0.0
0.0
0.0
9.886033170391595
0.0
0.0
0.0
11.018415982857526
0.0
0.0
11.497873871381337
0.0
0.0
9.951354829229711
0.0
0.0
0.0
0.0
0.0
0.0
0.0
0.0
0.0
0.0
0.0
0.0
0.0
0.0
0.0
0.0
11.275169457546903
0.0
11.817283514145736
0.0
0.0
0.0
0.0
11.483054616117684
0.0
0.0
0.0
0.0
9.150950545998054
0.0
9.576097507948614
10.349212522680755
0.0
0.0
0.0
0.0
0.0
0.0
0.0
0.0
0.0
0.0
0.0
12.11777134850893
0.0
0.0
0.0
0.0
0.0
0.0
0.0
10.393667068166014
0.0
0.0
0.0
0.0
0.0
0.0
0.0
0.0
10.348343278739202
11.040267764973088
0.0
0.0
0.0
8.760994820005836
0.0
0.0
0.0
0.0
0.0
0.0
0.0
0.0
0.0
0.0
0.0
0.0
0.0
0.0
0.0
0.0
11.257891057887242
0.0
0.0
0.0
0.0
0.0
0.0
0.0
0.0
0.0
0.0
0.0
0.0
0.0
0.0
0.0
11.076063691060794
8.314405399566867
0.0
0.0
0.0
0.0
0.0
0.0
0.0
10.873977386037101
10.904810668631761
0.0
0.0
0.0
0.0
11.392616961688477
0.0
0.0
0.0
0.0
0.0
0.0
0.0
0.0
0.0
0.0
0.0
0.0
0.0
0.0
0.0
0.0
0.0
0.0
0.0
10.65455359579536
0.0
0.0
0.0
0.0
11.061942319153994
0.0
0.0
0.0
0.0
0.0
0.0
10.518649164263927
11.874514608206711
0.0
12.099586331149615
0.0
0.0
0.0
0.0
10.566315515706558
0.0
0.0
0.0
0.0
0.0
0.0
0.0
0.0
0.0
0.0
0.0
0.0
0.0
0.0
0.0
0.0
0.0
12.404467247067752
0.0
0.0
0.0
0.0
0.0
0.0
0.0
0.0
0.0
0.0
0.0
0.0
0.0
0.0
9.717978274690665
0.0
0.0
0.0
0.0
0.0
0.0
0.0
12.970556655584282
0.0
0.0
0.0
0.0
0.0
12.025119461624438
0.0
0.0
0.0
0.0
0.0
0.0
0.0
0.0
0.0
7.129910836634148
0.0
0.0
0.0
0.0
0.0
11.157101728007605
11.029257536363454
0.0
0.0
0.0
0.0
0.0
0.0
10.018634023733865
0.0
0.0
0.0
0.0
0.0
0.0
0.0
0.0
10.086826288569997
0.0
0.0
0.0
0.0
0.0
0.0
0.0
0.0
0.0
0.0
12.959320524968511
0.0
0.0
0.0
0.0
0.0
0.0
0.0
0.0
0.0
0.0
0.0
0.0
0.0
0.0
0.0
0.0
0.0
0.0
0.0
0.0
0.0
0.0
0.0
12.076401698310047
0.0
0.0
0.0
0.0
11.34192757609448
0.0
0.0
0.0
11.750378543175753
9.74983167432189
0.0
0.0
0.0
0.0
0.0
0.0
0.0
0.0
0.0
0.0
11.203084150768365
0.0
0.0
0.0
0.0
0.0
0.0
0.0
0.0
0.0
0.0
0.0
0.0
0.0
0.0
0.0
0.0
0.0
0.0
0.0
12.25074757105227
0.0
0.0
0.0
0.0
0.0
0.0
0.0
0.0
0.0
0.0
0.0
0.0
8.27753444193936
0.0
11.558553508583811
10.942953928815248
0.0
0.0
0.0
0.0
0.0
0.0
0.0
10.140966800480887
0.0
0.0
0.0
0.0
0.0
0.0
0.0
0.0
0.0
0.0
0.0
0.0
0.0
0.0
0.0
0.0
0.0
0.0
0.0
0.0
0.0
0.0
0.0
0.0
0.0
0.0
0.0
0.0
0.0
12.328106616592448
0.0
11.271372691980583
0.0
0.0
0.0
0.0
0.0
0.0
0.0
0.0
9.356659610746975
0.0
9.70198922000134
10.569901800581325
0.0
0.0
0.0
0.0
0.0
0.0
0.0
0.0
11.101277319243875
0.0
0.0
0.0
0.0
0.0
0.0
0.0
11.919954960863457
0.0
0.0
0.0
0.0
0.0
0.0
0.0
0.0
0.0
0.0
0.0
0.0
0.0
0.0
0.0
0.0
0.0
0.0
0.0
0.0
0.0
0.0
0.0
0.0
0.0
0.0
0.0
0.0
0.0
0.0
0.0
0.0
0.0
0.0
0.0
0.0
0.0
0.0
0.0
0.0
0.0
0.0
0.0
0.0
0.0
0.0
0.0
0.0
0.0
0.0
0.0
0.0
0.0
0.0
0.0
0.0
0.0
0.0
0.0
0.0
0.0
0.0
0.0
0.0
0.0
0.0
11.08307437727558
0.0
0.0
0.0
10.394518463063907
0.0
0.0
0.0
0.0
0.0
0.0
0.0
0.0
11.908620271921663
0.0
0.0
0.0
0.0
0.0
12.69187216015364
0.0
0.0
0.0
0.0
0.0
11.706664715023555
0.0
0.0
0.0
0.0
0.0
0.0
0.0
0.0
0.0
0.0
0.0
0.0
10.965847295697259
10.842062042550378
0.0
0.0
0.0
0.0
0.0
0.0
0.0
0.0
11.602938831560698
0.0
0.0
0.0
0.0
0.0
0.0
0.0
0.0
0.0
12.652350053571517
0.0
10.234485614226516
0.0
0.0
0.0
0.0
0.0
0.0
0.0
0.0
0.0
0.0
0.0
0.0
9.635339542700908
8.638447859647155
0.0
11.67025784679337
0.0
12.446278623375758
0.0
0.0
0.0
0.0
0.0
0.0
11.208410090105426
0.0
0.0
0.0
0.0
0.0
0.0
0.0
11.169921616667402
0.0
0.0
0.0
0.0
0.0
0.0
0.0
0.0
0.0
0.0
0.0
12.8999674002071
0.0
0.0
11.939108249153591
11.848663551960286
0.0
0.0
0.0
0.0
8.10397275679827
0.0
0.0
0.0
0.0
12.071410399998204
0.0
0.0
0.0
0.0
0.0
0.0
0.0
0.0
0.0
9.52842350666681
0.0
0.0
0.0
0.0
0.0
0.0
0.0
0.0
12.050754826867195
0.0
0.0
0.0
0.0
0.0
0.0
0.0
0.0
0.0
0.0
0.0
0.0
0.0
7.408219528862563
0.0
0.0
0.0
0.0
7.768960114597096
0.0
0.0
0.0
0.0
0.0
0.0
0.0
0.0
0.0
0.0
0.0
0.0
0.0
0.0
0.0
0.0
0.0
0.0
0.0
0.0
0.0
0.0
0.0
0.0
0.0
10.42317239818274
0.0
0.0
0.0
0.0
9.83252038332772
0.0
0.0
9.537129479871389
0.0
0.0
0.0
10.813829058487363
0.0
0.0
0.0
0.0
0.0
0.0
0.0
0.0
9.394286492763605
0.0
0.0
0.0
0.0
0.0
0.0
0.0
0.0
0.0
0.0
0.0
0.0
0.0
0.0
0.0
0.0
0.0
0.0
0.0
0.0
11.922671844524388
0.0
0.0
0.0
0.0
0.0
0.0
0.0
0.0
0.0
11.608045886649133
0.0
0.0
0.0
0.0
0.0
0.0
0.0
0.0
10.521512524683926
0.0
0.0
0.0
0.0
0.0
0.0
0.0
0.0
0.0
0.0
0.0
0.0
0.0
0.0
0.0
0.0
0.0
0.0
0.0
0.0
0.0
0.0
0.0
12.832570198517965
0.0
0.0
0.0
0.0
0.0
0.0
0.0
0.0
0.0
10.78519214955935
0.0
0.0
0.0
0.0
0.0
0.0
0.0
0.0
0.0
0.0
0.0
0.0
0.0
12.190320042046654
0.0
0.0
0.0
0.0
0.0
0.0
0.0
0.0
0.0
0.0
0.0
0.0
0.0
0.0
0.0
0.0
0.0
0.0
0.0
8.48517208028898
0.0
0.0
0.0
0.0
0.0
0.0
0.0
0.0
0.0
0.0
0.0
0.0
0.0
11.141793031847193
0.0
0.0
0.0
0.0
0.0
11.605707711506593
0.0
0.0
0.0
0.0
0.0
0.0
0.0
0.0
0.0
8.283318511712304
10.55903235191239
0.0
0.0
0.0
0.0
0.0
12.364706507978045
0.0
0.0
0.0
0.0
0.0
0.0
0.0
0.0
10.245512618659134
9.525094421032184
0.0
0.0
0.0
0.0
11.253003564483725
0.0
0.0
0.0
0.0
0.0
0.0
0.0
0.0
0.0
0.0
0.0
0.0
0.0
0.0
9.507376355074662
0.0
0.0
0.0
0.0
0.0
0.0
0.0
0.0
0.0
9.053956026671887
0.0
0.0
0.0
0.0
0.0
0.0
0.0
0.0
10.521128495032137
0.0
0.0
0.0
0.0
0.0
9.992359236253424
0.0
0.0
0.0
0.0
0.0
0.0
0.0
0.0
0.0
0.0
0.0
0.0
0.0
0.0
0.0
0.0
0.0
0.0
0.0
0.0
0.0
0.0
0.0
0.0
0.0
0.0
0.0
0.0
11.922031224373928
0.0
0.0
0.0
0.0
0.0
0.0
0.0
0.0
0.0
0.0
0.0
0.0
10.862900140146099
0.0
9.340807846532957
0.0
0.0
0.0
0.0
0.0
0.0
0.0
0.0
0.0
0.0
0.0
0.0
0.0
0.0
0.0
0.0
0.0
0.0
0.0
0.0
0.0
9.450616054860873
0.0
0.0
0.0
0.0
0.0
0.0
0.0
0.0
10.886493046683647
0.0
0.0
0.0
0.0
9.8894567605089
0.0
0.0
0.0
0.0
0.0
0.0
0.0
10.149377109560785
0.0
0.0
0.0
0.0
0.0
0.0
0.0
12.518098099760074
0.0
0.0
0.0
0.0
11.734213004263285
0.0
0.0
0.0
0.0
0.0
0.0
0.0
0.0
0.0
0.0
0.0
0.0
0.0
0.0
0.0
0.0
0.0
0.0
0.0
0.0
0.0
0.0
0.0
0.0
0.0
0.0
0.0
0.0
0.0
10.520737572054243
0.0
0.0
0.0
0.0
0.0
0.0
7.979878973594664
0.0
11.398261470004599
0.0
0.0
0.0
0.0
0.0
0.0
0.0
0.0
0.0
0.0
0.0
0.0
0.0
0.0
0.0
0.0
0.0
0.0
0.0
0.0
9.927717817534942
0.0
0.0
0.0
0.0
0.0
0.0
0.0
0.0
0.0
10.314494614695132
0.0
0.0
0.0
0.0
0.0
0.0
0.0
0.0
0.0
0.0
10.69986337782996
0.0
0.0
0.0
0.0
0.0
0.0
0.0
0.0
0.0
0.0
0.0
0.0
0.0
0.0
12.103615675479274
0.0
0.0
0.0
0.0
0.0
0.0
0.0
0.0
11.294463622612286
0.0
0.0
0.0
0.0
10.77789496206326
0.0
0.0
11.104984412415051
8.923514141992914
0.0
8.987611196668823
0.0
0.0
0.0
0.0
0.0
0.0
0.0
0.0
12.570720943310569
0.0
0.0
0.0
0.0
11.834028747440847
10.817347111995876
0.0
0.0
0.0
0.0
0.0
0.0
0.0
0.0
0.0
0.0
0.0
0.0
0.0
0.0
0.0
0.0
0.0
0.0
0.0
0.0
0.0
0.0
0.0
0.0
12.246569566096115
0.0
0.0
0.0
0.0
0.0
10.297731926112762
11.9385801945299
0.0
0.0
0.0
0.0
0.0
0.0
0.0
0.0
0.0
0.0
0.0
0.0
0.0
0.0
0.0
0.0
0.0
0.0
0.0
8.339471059846451
0.0
0.0
0.0
0.0
0.0
0.0
0.0
10.229072600261714
0.0
0.0
0.0
0.0
0.0
0.0
0.0
0.0
0.0
11.393278189522917
0.0
0.0
0.0
0.0
0.0
0.0
0.0
8.10224805960655
0.0
0.0
0.0
0.0
0.0
0.0
0.0
0.0
0.0
0.0
0.0
0.0
0.0
12.359250654156416
0.0
0.0
0.0
0.0
0.0
0.0
0.0
0.0
9.794530856493399
0.0
0.0
0.0
0.0
0.0
0.0
0.0
0.0
0.0
0.0
0.0
0.0
0.0
0.0
0.0
0.0
0.0
0.0
0.0
0.0
0.0
0.0
0.0
0.0
0.0
0.0
0.0
0.0
0.0
0.0
0.0
8.681096978797346
0.0
0.0
0.0
0.0
0.0
0.0
0.0
0.0
0.0
0.0
0.0
0.0
0.0
0.0
0.0
0.0
0.0
0.0
0.0
0.0
0.0
11.110114791661594
0.0
0.0
0.0
0.0
0.0
0.0
0.0
0.0
13.083784981967286
11.763813012005869
0.0
0.0
0.0
0.0
0.0
0.0
0.0
0.0
0.0
0.0
0.0
12.029435808042345
0.0
0.0
0.0
0.0
0.0
0.0
0.0
0.0
0.0
0.0
0.0
0.0
0.0
0.0
0.0
0.0
0.0
0.0
0.0
0.0
0.0
0.0
0.0
0.0
0.0
0.0
0.0
0.0
0.0
0.0
0.0
9.884591540056654
0.0
0.0
0.0
0.0
0.0
0.0
0.0
0.0
0.0
0.0
11.27930769616036
0.0
0.0
0.0
12.945367501042734
0.0
0.0
0.0
0.0
0.0
0.0
0.0
0.0
0.0
0.0
0.0
0.0
0.0
0.0
0.0
0.0
0.0
0.0
0.0
0.0
0.0
0.0
0.0
0.0
0.0
0.0
0.0
0.0
0.0
9.976270945558413
0.0
0.0
0.0
0.0
0.0
0.0
0.0
0.0
11.246380831589537
0.0
0.0
0.0
0.0
9.771528322368985
0.0
0.0
0.0
0.0
0.0
0.0
0.0
0.0
0.0
0.0
0.0
0.0
0.0
0.0
0.0
0.0
0.0
0.0
0.0
0.0
0.0
0.0
0.0
8.827777725717038
0.0
0.0
0.0
11.833206537726301
0.0
10.709356614783225
0.0
12.341180820405611
0.0
0.0
0.0
0.0
0.0
0.0
0.0
10.064812749941744
0.0
10.165910347354048
0.0
11.826937120442455
10.849196538448933
0.0
0.0
0.0
1.2630935602299498
0.0
0.0
0.0
0.0
0.0
0.0
0.0
0.0
0.0
0.0
0.0
0.0
0.0
0.0
0.0
0.0
0.0
0.0
10.168404907126591
12.280338725902231
11.688602489827861
0.0
0.0
0.0
12.09176821754368
0.0
0.0
0.0
0.0
0.0
0.0
0.0
0.0
0.0
0.0
11.811169052812028
0.0
10.646807425498297
0.0
0.0
0.0
0.0
0.0
0.0
0.0
0.0
0.0
12.366343244059767
0.0
0.0
0.0
0.0
0.0
0.0
0.0
0.0
0.0
0.0
0.0
0.0
0.0
0.0
0.0
0.0
9.474938157743583
10.489051203472746
0.0
0.0
0.0
0.0
0.0
0.0
0.0
0.0
9.671801312436832
0.0
0.0
0.0
0.0
0.0
0.0
0.0
0.0
0.0
0.0
0.0
0.0
0.0
11.67064706271777
0.0
0.0
12.291977818105792
0.0
0.0
0.0
0.0
0.0
0.0
9.091475280780966
0.0
0.0
0.0
0.0
0.0
11.288694461064495
0.0
0.0
0.0
0.0
0.0
0.0
0.0
0.0
11.508798091159028
0.0
0.0
0.0
0.0
0.0
10.787094520259725
0.0
0.0
0.0
0.0
0.0
0.0
0.0
0.0
10.340658167732865
0.0
0.0
0.0
0.0
0.0
10.51243212565141
0.0
11.827184394964124
0.0
0.0
0.0
0.0
0.0
0.0
0.0
10.673673613271957
0.0
0.0
0.0
0.0
0.0
11.18066121913806
0.0
0.0
0.0
10.806699117021932
0.0
0.0
11.491445071596816
0.0
0.0
0.0
0.0
11.493258700802999
0.0
0.0
0.0
0.0
0.0
0.0
0.0
0.0
0.0
0.0
0.0
0.0
0.0
0.0
0.0
0.0
0.0
0.0
0.0
0.0
0.0
0.0
0.0
0.0
0.0
0.0
0.0
0.0
0.0
0.0
0.0
0.0
0.0
12.228473754989501
11.490863378742898
0.0
0.0
0.0
12.399195499819339
0.0
0.0
0.0
0.0
0.0
0.0
0.0
0.0
0.0
0.0
0.0
0.0
0.0
0.0
0.0
0.0
0.0
0.0
0.0
0.0
10.940955743645599
0.0
0.0
0.0
10.34372519149933
0.0
0.0
0.0
0.0
0.0
0.0
0.0
0.0
0.0
11.092034187833011
0.0
12.32100731223735
0.0
0.0
0.0
11.35953462075112
0.0
0.0
0.0
0.0
11.4058015036279
12.794973551365027
0.0
0.0
0.0
0.0
0.0
0.0
0.0
0.0
0.0
0.0
0.0
0.0
0.0
0.0
0.0
0.0
0.0
0.0
10.498366337669022
0.0
0.0
0.0
10.844056330890437
0.0
0.0
0.0
12.163324962880194
0.0
11.6074469843675
0.0
0.0
0.0
0.0
0.0
0.0
10.214248032046694
0.0
0.0
0.0
0.0
0.0
0.0
0.0
0.0
0.0
0.0
0.0
0.0
0.0
0.0
0.0
0.0
0.0
0.0
0.0
10.891991371184094
0.0
0.0
0.0
9.141296011816372
0.0
0.0
0.0
0.0
0.0
0.0
0.0
0.0
0.0
0.0
0.0
0.0
0.0
0.0
0.0
0.0
0.0
11.322300894400765
0.0
0.0
0.0
0.0
0.0
0.0
0.0
0.0
0.0
0.0
0.0
0.0
10.161491670166054
11.70075001066302
0.0
0.0
0.0
0.0
0.0
0.0
0.0
0.0
0.0
0.0
0.0
0.0
0.0
0.0
11.91128961010079
0.0
0.0
0.0
0.0
0.0
0.0
0.0
0.0
12.244707311691712
0.0
0.0
0.0
0.0
0.0
0.0
0.0
0.0
12.211197173767035
0.0
0.0
0.0
0.0
0.0
0.0
0.0
0.0
0.0
0.0
0.0
0.0
0.0
0.0
0.0
0.0
0.0
0.0
0.0
0.0
10.00332459432934
10.889811916937994
11.993858152265222
0.0
0.0
10.156024733115023
0.0
0.0
0.0
0.0
0.0
0.0
0.0
0.0
0.0
0.0
0.0
0.0
0.0
0.0
0.0
0.0
0.0
0.0
0.0
0.0
0.0
11.713334021052558
11.380002265171992
0.0
0.0
0.0
0.0
0.0
11.019997817451598
0.0
0.0
0.0
0.0
0.0
0.0
0.0
0.0
0.0
0.0
0.0
0.0
0.0
0.0
0.0
0.0
0.0
0.0
10.771170701543765
0.0
0.0
0.0
0.0
0.0
0.0
0.0
0.0
0.0
0.0
0.0
11.273077273266306
0.0
0.0
0.0
0.0
0.0
0.0
0.0
0.0
11.616053084682296
0.0
0.0
0.0
0.0
0.0
11.256081306808372
0.0
0.0
0.0
0.0
0.0
0.0
0.0
0.0
0.0
11.270296935193283
0.0
0.0
0.0
11.963531984338593
0.0
0.0
0.0
0.0
0.0
0.0
0.0
9.228064625220348
10.56628254982115
11.820608617842808
0.0
9.57952627061186
0.0
0.0
0.0
0.0
11.239992413136836
0.0
0.0
9.638156864732235
0.0
0.0
0.0
0.0
0.0
0.0
0.0
0.0
0.0
0.0
0.0
0.0
0.0
11.696557000851245
0.0
0.0
0.0
0.0
0.0
8.406132773167622
0.0
0.0
0.0
0.0
0.0
0.0
0.0
0.0
0.0
0.0
0.0
0.0
0.0
0.0
0.0
0.0
0.0
0.0
0.0
0.0
0.0
0.0
0.0
0.0
0.0
0.0
0.0
12.716378584301424
0.0
0.0
0.0
0.0
0.0
0.0
0.0
11.542012790934228
0.0
0.0
0.0
11.28190764441579
0.0
0.0
0.0
0.0
0.0
0.0
0.0
0.0
0.0
0.0
0.0
0.0
0.0
0.0
0.0
0.0
0.0
0.0
0.0
0.0
0.0
0.0
9.986297657405933
0.0
0.0
0.0
0.0
0.0
0.0
10.431204197485892
0.0
0.0
0.0
0.0
0.0
0.0
0.0
11.759860014779855
0.0
0.0
11.661649611550267
0.0
0.0
0.0
0.0
0.0
9.848085185186255
0.0
0.0
0.0
0.0
11.125202716552504
0.0
0.0
0.0
0.0
8.938400417467466
0.0
0.0
0.0
0.0
0.0
0.0
0.0
0.0
0.0
10.997987562574096
0.0
0.0
0.0
0.0
0.0
0.0
0.0
0.0
0.0
0.0
0.0
0.0
0.0
0.0
0.0
0.0
0.0
0.0
0.0
0.0
0.0
0.0
0.0
0.0
0.0
0.0
0.0
0.0
0.0
0.0
0.0
0.0
0.0
0.0
0.0
0.0
0.0
0.0
0.0
0.0
0.0
0.0
0.0
0.0
0.0
11.254081395038904
0.0
0.0
0.0
11.535400710545332
0.0
0.0
0.0
5.886051224893097
0.0
0.0
0.0
0.0
0.0
0.0
0.0
10.576586530801967
0.0
0.0
0.0
11.539948385335546
0.0
0.0
0.0
0.0
0.0
10.65520296256533
9.166484831524729
0.0
0.0
0.0
0.0
0.0
0.0
0.0
0.0
0.0
11.947922583126728
0.0
0.0
0.0
0.0
0.0
0.0
9.006917756058964
0.0
0.0
0.0
0.0
0.0
0.0
0.0
0.0
0.0
0.0
0.0
0.0
0.0
0.0
0.0
0.0
0.0
0.0
11.087904872819108
0.0
0.0
0.0
0.0
0.0
0.0
0.0
0.0
0.0
0.0
7.2854852483873005
0.0
0.0
12.414149033679132
0.0
0.0
0.0
0.0
0.0
0.0
0.0
0.0
0.0
0.0
0.0
0.0
0.0
0.0
0.0
0.0
8.896948641648974
0.0
11.243058090938357
0.0
0.0
0.0
0.0
0.0
0.0
0.0
0.0
0.0
0.0
0.0
0.0
0.0
0.0
10.5613140520029
0.0
0.0
11.177092494238698
0.0
0.0
0.0
0.0
0.0
0.0
0.0
0.0
0.0
0.0
0.0
0.0
0.0
0.0
0.0
0.0
13.203730511372868
0.0
0.0
0.0
0.0
0.0
0.0
0.0
0.0
0.0
11.944880546732755
9.651583723288153
0.0
0.0
0.0
0.0
0.0
0.0
0.0
0.0
0.0
0.0
0.0
0.0
0.0
0.0
0.0
0.0
0.0
0.0
0.0
0.0
0.0
0.0
0.0
0.0
0.0
0.0
0.0
11.916860451090221
0.0
0.0
0.0
0.0
0.0
0.0
0.0
0.0
0.0
0.0
0.0
0.0
0.0
0.0
0.0
0.0
0.0
0.0
0.0
0.0
0.0
12.913046787491899
0.0
0.0
0.0
0.0
0.0
0.0
0.0
0.0
0.0
0.0
0.0
0.0
0.0
0.0
0.0
0.0
0.0
0.0
0.0
0.0
0.0
0.0
0.0
0.0
0.0
12.334978312407177
0.0
9.414818266948867
0.0
0.0
0.0
0.0
0.0
0.0
0.0
0.0
0.0
0.0
0.0
0.0
10.074163170502128
0.0
0.0
0.0
0.0
0.0
0.0
0.0
0.0
0.0
10.61829452968194
0.0
0.0
0.0
0.0
0.0
0.0
0.0
0.0
0.0
0.0
0.0
0.0
0.0
0.0
9.497828481140257
0.0
0.0
0.0
0.0
0.0
0.0
0.0
0.0
0.0
0.0
0.0
0.0
11.237522502224516
0.0
0.0
0.0
0.0
8.850302019276143
0.0
0.0
0.0
0.0
0.0
0.0
10.659847010198579
0.0
0.0
0.0
0.0
0.0
0.0
0.0
0.0
10.604970775602968
0.0
10.835412357523197
0.0
11.704678510270652
0.0
0.0
0.0
0.0
0.0
11.103491155419354
0.0
0.0
0.0
0.0
0.0
0.0
0.0
0.0
0.0
0.0
0.0
10.709682769320235
12.955295621138594
0.0
0.0
0.0
0.0
0.0
0.0
0.0
0.0
0.0
0.0
0.0
0.0
0.0
11.642237985642572
0.0
0.0
0.0
0.0
0.0
0.0
0.0
0.0
0.0
0.0
10.511070609649488
0.0
0.0
11.75357862048486
0.0
0.0
0.0
0.0
0.0
0.0
0.0
0.0
0.0
0.0
0.0
0.0
10.775077634919016
10.247225246932494
0.0
0.0
0.0
0.0
0.0
0.0
10.246262192981526
0.0
0.0
0.0
12.17416033219557
0.0
0.0
0.0
0.0
0.0
0.0
9.657065176049757
0.0
0.0
0.0
11.132140439116519
0.0
0.0
0.0
0.0
0.0
0.0
11.453096651261136
0.0
0.0
0.0
0.0
0.0
0.0
0.0
0.0
0.0
0.0
0.0
0.0
0.0
0.0
0.0
0.0
0.0
0.0
0.0
0.0
0.0
0.0
0.0
0.0
0.0
0.0
0.0
0.0
11.097278781468646
0.0
0.0
0.0
0.0
0.0
0.0
0.0
12.03897125036737
0.0
0.0
12.90243457556435
0.0
0.0
0.0
9.432422661478117
0.0
0.0
0.0
11.920640495546744
0.0
0.0
0.0
0.0
0.0
0.0
0.0
0.0
0.0
0.0
0.0
0.0
0.0
0.0
0.0
0.0
0.0
11.576570598330454
9.928426097220033
10.187139615925034
0.0
0.0
0.0
7.7078807533527405
0.0
0.0
0.0
0.0
11.793411796095317
0.0
0.0
0.0
0.0
0.0
0.0
0.0
0.0
0.0
0.0
0.0
7.034772163216417
0.0
0.0
0.0
0.0
0.0
0.0
8.229727220272183
0.0
0.0
0.0
0.0
0.0
0.0
0.0
0.0
0.0
0.0
0.0
0.0
0.0
0.0
9.489988887982289
0.0
12.016422278382713
0.0
0.0
0.0
11.517969757432299
0.0
0.0
0.0
0.0
0.0
0.0
0.0
0.0
0.0
0.0
0.0
0.0
0.0
0.0
0.0
0.0
0.0
0.0
0.0
10.31335728599673
0.0
0.0
0.0
0.0
0.0
0.0
13.130589135056713
0.0
0.0
0.0
0.0
0.0
0.0
12.041131904622988
0.0
0.0
0.0
0.0
0.0
0.0
0.0
0.0
0.0
0.0
0.0
0.0
0.0
0.0
0.0
0.0
0.0
0.0
0.0
0.0
0.0
0.0
0.0
11.961986290946214
0.0
0.0
0.0
0.0
0.0
0.0
12.062866074772403
0.0
0.0
0.0
0.0
0.0
0.0
0.0
0.0
0.0
0.0
10.615696732769134
0.0
0.0
0.0
0.0
0.0
0.0
0.0
0.0
0.0
0.0
0.0
0.0
0.0
0.0
0.0
0.0
0.0
11.278112390051165
0.0
0.0
0.0
9.407986243870003
0.0
0.0
9.266379749085438
0.0
0.0
0.0
0.0
0.0
0.0
0.0
0.0
0.0
0.0
0.0
0.0
0.0
0.0
0.0
0.0
0.0
0.0
0.0
0.0
0.0
0.0
0.0
0.0
0.0
0.0
0.0
0.0
0.0
0.0
11.722916945075488
0.0
0.0
0.0
0.0
0.0
0.0
0.0
0.0
0.0
0.0
0.0
0.0
12.635148426236833
0.0
0.0
0.0
0.0
0.0
0.0
0.0
0.0
0.0
0.0
0.0
0.0
0.0
0.0
10.587861830177957
11.4835844950033
0.0
0.0
0.0
0.0
0.0
0.0
0.0
0.0
0.0
0.0
0.0
0.0
0.0
0.0
0.0
0.0
0.0
0.0
13.165437030527311
10.694472387604314
0.0
8.703286781431444
10.702279603052524
0.0
0.0
0.0
0.0
0.0
0.0
0.0
0.0
0.0
0.0
0.0
0.0
11.72501262908249
0.0
0.0
9.373766510460825
0.0
0.0
0.0
0.0
0.0
0.0
0.0
0.0
0.0
0.0
0.0
0.0
0.0
0.0
0.0
0.0
0.0
0.0
0.0
0.0
0.0
0.0
0.0
0.0
0.0
0.0
0.0
0.0
0.0
0.0
0.0
0.0
0.0
0.0
0.0
9.095695730361976
0.0
0.0
0.0
0.0
10.349782224560428
0.0
0.0
0.0
0.0
0.0
0.0
0.0
0.0
0.0
0.0
0.0
0.0
0.0
0.0
0.0
0.0
0.0
0.0
0.0
11.311917309924246
0.0
0.0
0.0
0.0
0.0
0.0
0.0
0.0
11.003582224017896
0.0
11.360246273180241
7.120681224870406
0.0
0.0
0.0
0.0
0.0
0.0
0.0
0.0
12.164379790484789
0.0
0.0
13.031934783129513
0.0
0.0
0.0
0.0
11.745073920756216
0.0
0.0
0.0
0.0
0.0
0.0
0.0
0.0
0.0
12.19350339806506
0.0
0.0
0.0
0.0
0.0
0.0
0.0
0.0
0.0
0.0
0.0
0.0
0.0
0.0
0.0
0.0
0.0
0.0
0.0
0.0
0.0
10.4148579110174
0.0
0.0
0.0
0.0
0.0
0.0
12.59173577088481
9.770030063690976
0.0
0.0
0.0
10.5344429849272
0.0
10.714959140483392
0.0
0.0
0.0
0.0
0.0
6.494757032356994
0.0
0.0
0.0
11.404525363638298
0.0
0.0
10.00167182359328
0.0
0.0
0.0
0.0
0.0
10.350608128789071
0.0
9.064727111149843
0.0
0.0
0.0
0.0
0.0
0.0
0.0
0.0
0.0
11.412507888246388
0.0
0.0
0.0
0.0
0.0
0.0
0.0
0.0
0.0
0.0
0.0
0.0
0.0
0.0
0.0
0.0
0.0
0.0
0.0
0.0
0.0
0.0
0.0
0.0
0.0
0.0
0.0
0.0
0.0
10.702717594183257
0.0
12.09478415807551
9.337058442439869
0.0
8.905742647071818
0.0
0.0
0.0
0.0
7.240283425272258
10.460326951252119
0.0
0.0
0.0
11.87672051154484
0.0
0.0
0.0
0.0
0.0
0.0
0.0
0.0
0.0
0.0
0.0
0.0
0.0
0.0
0.0
0.0
0.0
10.140720339983417
10.163564027709878
0.0
0.0
0.0
0.0
0.0
0.0
0.0
0.0
0.0
0.0
0.0
0.0
0.0
0.0
0.0
11.833974422733688
0.0
0.0
0.0
0.0
0.0
10.829747676979665
0.0
0.0
0.0
10.957198971937347
0.0
0.0
0.0
12.693034424108358
0.0
12.936797782704788
10.801437858859323
0.0
0.0
0.0
0.0
0.0
0.0
0.0
0.0
12.220065657259154
0.0
0.0
0.0
0.0
0.0
0.0
0.0
11.54917768723111
0.0
0.0
0.0
0.0
0.0
0.0
10.395782503091981
0.0
11.699927679702824
0.0
0.0
10.955573964820498
0.0
0.0
0.0
0.0
0.0
0.0
0.0
0.0
0.0
0.0
0.0
0.0
0.0
0.0
0.0
0.0
0.0
0.0
0.0
0.0
11.38543858018832
0.0
0.0
0.0
0.0
0.0
0.0
11.592865196422766
0.0
0.0
0.0
0.0
12.920759618199437
0.0
0.0
0.0
0.0
0.0
0.0
0.0
0.0
0.0
0.0
0.0
0.0
0.0
0.0
0.0
0.0
0.0
0.0
0.0
0.0
0.0
0.0
0.0
0.0
0.0
0.0
0.0
0.0
12.66545527867308
0.0
0.0
0.0
0.0
0.0
0.0
0.0
0.0
0.0
0.0
0.0
0.0
0.0
9.332608614890445
0.0
0.0
0.0
0.0
0.0
0.0
11.205905725702873
0.0
0.0
0.0
0.0
0.0
0.0
0.0
0.0
0.0
0.0
0.0
0.0
0.0
0.0
0.0
0.0
0.0
0.0
0.0
0.0
0.0
0.0
12.75635765602014
0.0
0.0
0.0
0.0
0.0
0.0
0.0
0.0
0.0
0.0
0.0
0.0
0.0
0.0
0.0
0.0
0.0
0.0
0.0
0.0
9.930410648977142
13.043746778644225
0.0
0.0
0.0
11.054231920895274
0.0
0.0
0.0
0.0
0.0
0.0
0.0
0.0
10.027851225836052
0.0
0.0
0.0
0.0
0.0
0.0
0.0
0.0
0.0
0.0
0.0
0.0
11.07657470745025
0.0
0.0
0.0
0.0
12.038114434035403
0.0
0.0
8.938793836175652
0.0
0.0
0.0
0.0
0.0
0.0
0.0
0.0
0.0
0.0
0.0
0.0
0.0
0.0
0.0
0.0
0.0
0.0
8.783961098605154
0.0
0.0
0.0
0.0
10.80735036180711
12.222602787411125
0.0
0.0
0.0
0.0
0.0
0.0
0.0
0.0
0.0
0.0
0.0
0.0
0.0
0.0
0.0
0.0
0.0
0.0
0.0
0.0
0.0
0.0
0.0
12.329924811143972
0.0
0.0
0.0
0.0
12.285336810134826
0.0
0.0
0.0
0.0
0.0
0.0
0.0
10.316461162494884
12.588853937914342
0.0
11.501784695382879
0.0
0.0
0.0
0.0
0.0
0.0
0.0
0.0
0.0
0.0
0.0
0.0
0.0
0.0
0.0
9.515229537641645
0.0
0.0
0.0
0.0
0.0
0.0
0.0
0.0
0.0
0.0
0.0
0.0
0.0
0.0
0.0
0.0
12.747186770721042
11.501803215160729
12.430585696363611
0.0
0.0
0.0
0.0
0.0
0.0
11.83397682036176
0.0
0.0
0.0
0.0
7.436823266980184
0.0
0.0
0.0
0.0
0.0
0.0
0.0
0.0
12.789784781649047
0.0
0.0
10.540662687250729
0.0
12.81097175263721
0.0
12.364532126871051
0.0
10.744246132466163
0.0
0.0
0.0
0.0
0.0
0.0
0.0
0.0
0.0
0.0
0.0
0.0
0.0
0.0
0.0
0.0
0.0
0.0
12.193534065785439
0.0
12.06139896106134
0.0
0.0
0.0
0.0
0.0
0.0
0.0
0.0
0.0
0.0
12.166400657572144
7.649906204683241
10.915403260687185
0.0
0.0
0.0
0.0
0.0
0.0
0.0
0.0
0.0
0.0
11.873607164681667
0.0
0.0
0.0
0.0
0.0
0.0
0.0
0.0
0.0
0.0
0.0
0.0
0.0
0.0
0.0
0.0
0.0
0.0
0.0
0.0
0.0
0.0
0.0
0.0
0.0
0.0
0.0
0.0
0.0
0.0
0.0
0.0
0.0
0.0
0.0
0.0
0.0
0.0
0.0
0.0
0.0
9.599339777727934
0.0
0.0
0.0
0.0
0.0
0.0
0.0
0.0
0.0
0.0
0.0
0.0
8.21018120651055
0.0
0.0
0.0
0.0
0.0
0.0
0.0
0.0
0.0
0.0
0.0
0.0
0.0
0.0
0.0
9.913276250906199
0.0
0.0
0.0
0.0
0.0
10.494272908076097
0.0
0.0
12.680271234780806
0.0
0.0
0.0
0.0
0.0
0.0
0.0
0.0
0.0
0.0
0.0
0.0
0.0
0.0
11.543708822815248
12.912994055112987
0.0
0.0
12.066217090592556
0.0
0.0
0.0
0.0
0.0
0.0
0.0
0.0
0.0
0.0
9.604426639263243
12.387247218198786
0.0
10.1663706043307
11.731195027446226
0.0
0.0
0.0
0.0
0.0
0.0
0.0
0.0
0.0
0.0
0.0
0.0
0.0
0.0
0.0
0.0
0.0
12.94443056425095
12.542495176418951
0.0
0.0
0.0
0.0
0.0
0.0
0.0
0.0
0.0
0.0
0.0
12.20498909441715
0.0
0.0
9.522331036274375
0.0
0.0
0.0
0.0
0.0
0.0
0.0
0.0
0.0
0.0
0.0
0.0
0.0
0.0
0.0
0.0
0.0
0.0
0.0
0.0
0.0
0.0
12.47486809713549
0.0
0.0
0.0
0.0
0.0
0.0
0.0
12.44560936546661
0.0
0.0
0.0
8.14814374469284
0.0
0.0
0.0
0.0
0.0
0.0
0.0
0.0
0.0
0.0
0.0
0.0
0.0
0.0
0.0
0.0
0.0
0.0
0.0
0.0
0.0
0.0
0.0
0.0
0.0
0.0
0.0
0.0
11.476937939039159
0.0
0.0
0.0
0.0
0.0
0.0
0.0
11.106659641589676
0.0
0.0
0.0
0.0
0.0
0.0
0.0
0.0
0.0
0.0
0.0
0.0
0.0
0.0
0.0
0.0
0.0
0.0
11.10622555115897
0.0
0.0
0.0
0.0
0.0
0.0
0.0
0.0
0.0
0.0
0.0
0.0
0.0
10.949645298077368
0.0
0.0
0.0
0.0
0.0
0.0
0.0
0.0
0.0
0.0
0.0
0.0
0.0
0.0
0.0
0.0
0.0
12.064575587107651
0.0
0.0
0.0
0.0
0.0
0.0
0.0
0.0
0.0
0.0
0.0
0.0
0.0
8.303915762042756
0.0
0.0
0.0
0.0
0.0
0.0
0.0
0.0
0.0
0.0
0.0
0.0
0.0
0.0
0.0
0.0
0.0
0.0
0.0
0.0
0.0
0.0
10.363241099115239
0.0
0.0
0.0
0.0
0.0
0.0
0.0
0.0
10.16276727674609
0.0
0.0
0.0
10.184368023426737
0.0
10.897668357890502
0.0
9.644945221302061
0.0
0.0
11.133481123622868
0.0
0.0
0.0
0.0
0.0
0.0
11.052423557563248
0.0
0.0
0.0
0.0
0.0
11.51595644988454
0.0
0.0
0.0
0.0
10.401394930849904
0.0
0.0
0.0
0.0
11.022879434829886
0.0
0.0
0.0
12.276163273940409
0.0
0.0
0.0
0.0
0.0
0.0
0.0
0.0
0.0
0.0
9.600411412181522
0.0
0.0
0.0
9.734161997804183
0.0
0.0
12.05722187196675
0.0
0.0
0.0
8.81429162434353
0.0
0.0
0.0
0.0
0.0
0.0
0.0
0.0
0.0
0.0
0.0
0.0
0.0
0.0
0.0
0.0
0.0
0.0
0.0
0.0
0.0
0.0
0.0
0.0
0.0
0.0
0.0
0.0
0.0
0.0
0.0
0.0
0.0
0.0
10.914049666138926
0.0
0.0
0.0
0.0
0.0
0.0
0.0
0.0
0.0
0.0
0.0
0.0
9.830514567526473
0.0
9.99911013861251
0.0
0.0
0.0
0.0
0.0
0.0
0.0
0.0
0.0
0.0
0.0
0.0
0.0
0.0
0.0
0.0
12.075164366770949
0.0
0.0
0.0
0.0
0.0
0.0
0.0
0.0
0.0
0.0
0.0
0.0
0.0
0.0
0.0
0.0
0.0
0.0
0.0
0.0
0.0
0.0
0.0
0.0
0.0
0.0
0.0
0.0
0.0
0.0
0.0
0.0
0.0
0.0
0.0
0.0
0.0
0.0
0.0
0.0
0.0
0.0
0.0
0.0
0.0
0.0
0.0
11.19997107007815
11.000307606800588
0.0
0.0
0.0
0.0
0.0
0.0
0.0
0.0
0.0
0.0
0.0
0.0
0.0
0.0
0.0
0.0
0.0
0.0
0.0
9.142311579588217
0.0
0.0
0.0
0.0
0.0
0.0
0.0
0.0
0.0
11.729400819939809
0.0
0.0
0.0
0.0
0.0
0.0
0.0
0.0
0.0
0.0
0.0
0.0
0.0
0.0
11.169506466816403
0.0
0.0
10.512114164193335
0.0
0.0
0.0
0.0
10.524753993159761
0.0
0.0
0.0
0.0
0.0
0.0
0.0
11.185835736002499
0.0
0.0
0.0
0.0
0.0
0.0
10.693531250295308
0.0
0.0
9.353438213078364
0.0
0.0
10.710276474505175
10.099658898990253
0.0
0.0
0.0
0.0
0.0
0.0
12.989881948087536
0.0
0.0
11.343552569998089
0.0
0.0
11.01601160401194
0.0
0.0
11.93840151596504
0.0
0.0
0.0
0.0
0.0
10.02718683788863
10.94938888717121
0.0
0.0
0.0
0.0
0.0
0.0
0.0
0.0
0.0
0.0
8.440001002026902
0.0
0.0
0.0
0.0
0.0
0.0
0.0
0.0
0.0
0.0
0.0
0.0
0.0
0.0
0.0
10.713365638314597
0.0
0.0
0.0
10.74656107574583
0.0
0.0
0.0
0.0
0.0
0.0
12.598249911443242
0.0
0.0
0.0
11.68067316528627
0.0
0.0
0.0
0.0
0.0
0.0
0.0
0.0
0.0
0.0
0.0
0.0
0.0
0.0
0.0
0.0
0.0
0.0
0.0
0.0
0.0
0.0
0.0
0.0
0.0
0.0
10.169054988515828
0.0
0.0
0.0
12.658402983835336
0.0
0.0
0.0
0.0
0.0
0.0
0.0
0.0
0.0
0.0
0.0
0.0
0.0
0.0
10.091014709972738
0.0
0.0
0.0
10.736904750030249
0.0
11.858996592098192
9.309789382635415
0.0
0.0
0.0
0.0
0.0
0.0
10.440699122945702
0.0
0.0
0.0
0.0
0.0
0.0
0.0
0.0
0.0
0.0
0.0
0.0
0.0
0.0
0.0
0.0
0.0
0.0
0.0
0.0
0.0
0.0
0.0
0.0
0.0
0.0
0.0
0.0
10.383317496052017
0.0
0.0
0.0
0.0
0.0
0.0
0.0
10.567163375081371
0.0
0.0
0.0
0.0
10.065706047914908
0.0
0.0
0.0
0.0
0.0
0.0
0.0
0.0
0.0
10.06754311394131
0.0
0.0
0.0
0.0
0.0
0.0
10.948198849458326
11.883898473786921
0.0
0.0
0.0
9.881993614126808
0.0
0.0
0.0
0.0
0.0
0.0
0.0
0.0
0.0
0.0
0.0
0.0
0.0
0.0
12.400223227106649
0.0
0.0
0.0
9.597468405045143
0.0
0.0
10.78996658848293
0.0
0.0
0.0
0.0
0.0
0.0
0.0
0.0
0.0
0.0
0.0
0.0
0.0
0.0
0.0
0.0
0.0
0.0
0.0
0.0
0.0
0.0
0.0
0.0
0.0
0.0
0.0
0.0
0.0
0.0
0.0
0.0
0.0
0.0
0.0
0.0
12.120162546848654
0.0
0.0
0.0
0.0
0.0
0.0
11.115036971781818
12.077487959595532
0.0
0.0
0.0
0.0
0.0
10.668337191937086
0.0
0.0
9.446702379205945
0.0
0.0
0.0
0.0
0.0
0.0
0.0
0.0
0.0
0.0
0.0
0.0
0.0
0.0
0.0
0.0
0.0
0.0
0.0
0.0
0.0
0.0
0.0
0.0
10.737446380615271
0.0
0.0
0.0
10.412477226770404
12.057777622321222
11.156386403673093
0.0
0.0
0.0
0.0
0.0
0.0
11.560871118727114
0.0
10.726688772607663
0.0
0.0
0.0
0.0
0.0
0.0
0.0
0.0
0.0
0.0
0.0
0.0
0.0
0.0
0.0
12.98057111308193
0.0
0.0
0.0
0.0
0.0
10.64655156538527
0.0
11.064959134847228
0.0
0.0
0.0
0.0
0.0
0.0
0.0
0.0
0.0
0.0
0.0
0.0
0.0
0.0
0.0
0.0
0.0
0.0
0.0
0.0
0.0
0.0
0.0
0.0
10.566722818596059
9.988501218583446
0.0
0.0
0.0
0.0
11.874346496603247
0.0
0.0
0.0
0.0
0.0
0.0
0.0
0.0
0.0
0.0
0.0
11.835765848400518
0.0
0.0
0.0
0.0
0.0
0.0
10.363684741891134
0.0
0.0
0.0
0.0
0.0
0.0
0.0
0.0
0.0
0.0
0.0
0.0
0.0
0.0
0.0
0.0
0.0
0.0
0.0
0.0
0.0
0.0
0.0
0.0
0.0
0.0
0.0
0.0
0.0
0.0
0.0
10.42025778379898
0.0
0.0
0.0
0.0
0.0
0.0
0.0
0.0
0.0
0.0
11.286196844679706
11.13572545832934
0.0
0.0
0.0
0.0
0.0
0.0
12.50321352391938
0.0
0.0
0.0
0.0
0.0
0.0
0.0
0.0
9.010585834512057
0.0
11.985409678343666
0.0
0.0
10.663211435526286
0.0
0.0
0.0
0.0
0.0
0.0
0.0
0.0
0.0
0.0
0.0
0.0
0.0
0.0
0.0
0.0
10.722692918700524
0.0
0.0
0.0
11.692751113963503
0.0
0.0
0.0
0.0
10.20972840086278
0.0
0.0
0.0
0.0
0.0
0.0
0.0
0.0
0.0
0.0
0.0
0.0
0.0
0.0
0.0
0.0
0.0
0.0
0.0
0.0
0.0
9.626226348042982
9.281495638061998
0.0
0.0
0.0
0.0
0.0
0.0
10.470016079159716
0.0
0.0
0.0
0.0
0.0
0.0
0.0
0.0
0.0
10.674998648534592
0.0
0.0
0.0
0.0
0.0
0.0
0.0
0.0
0.0
0.0
0.0
0.0
0.0
0.0
0.0
13.03025770082195
0.0
0.0
0.0
0.0
0.0
0.0
0.0
0.0
0.0
0.0
0.0
0.0
0.0
0.0
0.0
8.109708622115537
0.0
0.0
0.0
0.0
0.0
0.0
0.0
0.0
0.0
0.0
0.0
0.0
0.0
0.0
0.0
0.0
0.0
0.0
0.0
0.0
0.0
0.0
0.0
0.0
0.0
0.0
0.0
0.0
10.080295973935172
0.0
0.0
0.0
0.0
0.0
0.0
0.0
0.0
0.0
0.0
0.0
0.0
0.0
10.53803803825004
0.0
0.0
9.092110730382416
0.0
10.533088501263288
0.0
0.0
12.224986019585671
0.0
0.0
0.0
0.0
0.0
11.692234916583466
0.0
0.0
0.0
0.0
0.0
0.0
0.0
0.0
0.0
0.0
0.0
0.0
0.0
0.0
0.0
0.0
0.0
11.018543092655527
0.0
0.0
0.0
0.0
0.0
0.0
0.0
0.0
0.0
0.0
9.572874539038335
0.0
0.0
0.0
0.0
0.0
0.0
0.0
9.020045616148613
0.0
0.0
0.0
10.768104049351265
0.0
0.0
10.217576066977594
0.0
0.0
0.0
0.0
0.0
0.0
0.0
0.0
0.0
0.0
0.0
0.0
0.0
0.0
0.0
0.0
0.0
0.0
0.0
0.0
0.0
0.0
0.0
0.0
0.0
0.0
0.0
0.0
0.0
0.0
0.0
0.0
0.0
0.0
0.0
0.0
12.226428900657815
0.0
0.0
0.0
0.0
9.030865034488098
0.0
10.297738697841815
0.0
0.0
0.0
0.0
0.0
0.0
0.0
0.0
0.0
0.0
0.0
0.0
0.0
0.0
0.0
0.0
0.0
0.0
0.0
0.0
0.0
0.0
8.71708541236189
0.0
0.0
0.0
0.0
11.477474258010593
0.0
0.0
10.459289253219243
0.0
0.0
0.0
0.0
0.0
0.0
0.0
0.0
0.0
0.0
0.0
0.0
0.0
11.240695376731685
0.0
0.0
0.0
0.0
11.652007982252766
0.0
7.005333520766839
0.0
0.0
0.0
0.0
0.0
0.0
0.0
0.0
0.0
0.0
0.0
0.0
0.0
0.0
0.0
0.0
0.0
11.177348312756083
0.0
0.0
0.0
0.0
11.923590537963342
0.0
0.0
10.074333298032027
0.0
0.0
0.0
0.0
0.0
0.0
0.0
12.69299513715184
0.0
0.0
0.0
12.315740144113066
0.0
0.0
0.0
0.0
0.0
0.0
11.10502503611181
0.0
0.0
0.0
0.0
0.0
0.0
0.0
0.0
0.0
0.0
0.0
0.0
0.0
0.0
0.0
0.0
0.0
0.0
0.0
0.0
0.0
0.0
0.0
0.0
0.0
0.0
0.0
0.0
0.0
10.68110261936933
0.0
11.398043896003005
0.0
0.0
0.0
11.617433485489546
0.0
0.0
0.0
0.0
0.0
0.0
0.0
0.0
0.0
0.0
0.0
0.0
0.0
0.0
0.0
0.0
0.0
0.0
0.0
0.0
0.0
0.0
0.0
12.638614877148646
0.0
12.65190446277094
0.0
0.0
0.0
0.0
0.0
0.0
0.0
0.0
0.0
0.0
0.0
0.0
0.0
0.0
0.0
0.0
10.655727316739885
9.084745707441618
0.0
0.0
0.0
0.0
0.0
0.0
0.0
0.0
0.0
0.0
0.0
0.0
0.0
0.0
0.0
0.0
0.0
0.0
0.0
0.0
0.0
9.823780037868485
0.0
0.0
0.0
0.0
0.0
0.0
0.0
0.0
0.0
0.0
0.0
0.0
0.0
7.580974848963269
0.0
0.0
0.0
0.0
0.0
0.0
0.0
0.0
0.0
0.0
0.0
11.427350092131668
0.0
0.0
0.0
0.0
0.0
0.0
0.0
0.0
0.0
0.0
0.0
0.0
0.0
0.0
0.0
0.0
0.0
11.37079386957912
0.0
0.0
0.0
0.0
0.0
0.0
11.543905678392669
8.019989555637048
0.0
0.0
0.0
0.0
0.0
0.0
0.0
0.0
0.0
0.0
0.0
0.0
0.0
0.0
0.0
0.0
0.0
0.0
0.0
0.0
0.0
0.0
0.0
0.0
0.0
0.0
0.0
0.0
0.0
0.0
0.0
0.0
0.0
0.0
0.0
0.0
0.0
0.0
0.0
0.0
0.0
0.0
12.22994290758675
0.0
0.0
8.312973697326235
0.0
0.0
0.0
0.0
0.0
0.0
8.487299659559461
0.0
0.0
0.0
0.0
0.0
0.0
12.97837980313551
0.0
0.0
0.0
0.0
0.0
0.0
0.0
0.0
11.362766568208531
0.0
0.0
0.0
0.0
0.0
0.0
0.0
0.0
10.542521683304717
0.0
0.0
0.0
0.0
0.0
0.0
0.0
0.0
0.0
0.0
0.0
0.0
0.0
0.0
0.0
0.0
0.0
0.0
0.0
9.184700003214575
0.0
0.0
0.0
0.0
0.0
0.0
8.379978358175833
0.0
0.0
12.506904649554881
0.0
