0.0
0.0
0.0
0.0
0.0
0.0
0.0
0.0
0.0
0.0
0.0
0.0
0.0
0.0
0.0
0.0
0.0
0.0
0.0
0.0
13.736432110668577
0.0
0.0
0.0
13.933345540624172
0.0
0.0
0.0
13.562254529727575
0.0
0.0
14.034331717392325
0.0
0.0
0.0
0.0
0.0
0.0
0.0
0.0
0.0
0.0
13.90346383609608
0.0
0.0
0.0
0.0
0.0
0.0
0.0
0.0
0.0
0.0
0.0
0.0
0.0
0.0
0.0
0.0
0.0
0.0
0.0
0.0
0.0
0.0
14.087034037483711
0.0
0.0
0.0
0.0
0.0
0.0
0.0
0.0
0.0
0.0
13.290158528005152
0.0
0.0
0.0
0.0
0.0
0.0
0.0
0.0
0.0
0.0
0.0
0.0
0.0
0.0
0.0
0.0
0.0
13.778340912449767
0.0
0.0
0.0
0.0
0.0
0.0
0.0
0.0
13.897914316093544
13.896630122397358
0.0
0.0
0.0
0.0
0.0
0.0
0.0
0.0
0.0
0.0
0.0
0.0
0.0
0.0
0.0
14.027685409697387
0.0
0.0
0.0
0.0
0.0
0.0
0.0
0.0
0.0
0.0
0.0
0.0
0.0
0.0
0.0
0.0
0.0
0.0
0.0
0.0
0.0
0.0
0.0
0.0
13.904317664602479
0.0
0.0
14.064765355726603
14.104505570530549
0.0
13.6368120447979
0.0
0.0
0.0
0.0
0.0
0.0
0.0
0.0
0.0
14.085098908228735
0.0
0.0
14.087419231437524
0.0
0.0
0.0
0.0
0.0
0.0
0.0
0.0
0.0
0.0
0.0
0.0
0.0
13.513903284796658
0.0
0.0
0.0
14.01290671380236
0.0
0.0
0.0
0.0
0.0
13.274608109346252
0.0
0.0
0.0
13.896779160571224
0.0
13.652772708072117
13.818749066669357
0.0
0.0
0.0
0.0
0.0
13.99711760818452
0.0
0.0
0.0
0.0
0.0
0.0
0.0
0.0
0.0
13.814540412536198
0.0
13.79966932193182
0.0
0.0
0.0
0.0
0.0
0.0
0.0
0.0
13.697374807345419
0.0
0.0
0.0
0.0
0.0
0.0
0.0
0.0
0.0
0.0
0.0
0.0
0.0
0.0
0.0
0.0
0.0
0.0
0.0
0.0
0.0
0.0
0.0
0.0
0.0
0.0
0.0
0.0
13.798042965184198
0.0
0.0
0.0
0.0
13.926869554883547
13.924957862479065
0.0
0.0
0.0
0.0
0.0
0.0
0.0
0.0
0.0
13.31833280048556
0.0
0.0
0.0
0.0
0.0
0.0
13.610689243057248
0.0
0.0
0.0
0.0
0.0
13.514607042840566
0.0
0.0
0.0
0.0
0.0
0.0
13.839930157003307
0.0
0.0
0.0
0.0
0.0
0.0
0.0
0.0
0.0
0.0
0.0
0.0
0.0
0.0
0.0
0.0
0.0
0.0
0.0
0.0
14.038851856912093
0.0
0.0
0.0
0.0
0.0
0.0
0.0
0.0
0.0
0.0
0.0
0.0
0.0
0.0
0.0
0.0
0.0
0.0
0.0
0.0
0.0
0.0
0.0
14.048790879286322
0.0
0.0
0.0
0.0
0.0
0.0
0.0
0.0
0.0
0.0
0.0
0.0
0.0
0.0
0.0
0.0
0.0
14.065257739034797
0.0
0.0
0.0
0.0
0.0
0.0
0.0
0.0
0.0
0.0
0.0
0.0
0.0
13.79883202156749
0.0
0.0
0.0
0.0
0.0
0.0
14.073754857047675
0.0
0.0
0.0
0.0
0.0
0.0
0.0
0.0
0.0
13.921845372052724
0.0
0.0
0.0
0.0
0.0
0.0
0.0
0.0
0.0
0.0
0.0
0.0
13.731835058138355
0.0
0.0
0.0
0.0
0.0
0.0
0.0
0.0
0.0
0.0
0.0
0.0
0.0
0.0
0.0
0.0
0.0
0.0
0.0
0.0
0.0
0.0
0.0
0.0
0.0
0.0
0.0
0.0
13.905143321040953
0.0
0.0
0.0
0.0
0.0
0.0
13.415263626387484
0.0
0.0
0.0
0.0
0.0
0.0
0.0
0.0
0.0
0.0
0.0
0.0
0.0
0.0
0.0
0.0
0.0
0.0
0.0
0.0
0.0
0.0
0.0
0.0
0.0
0.0
0.0
0.0
0.0
0.0
0.0
0.0
0.0
0.0
0.0
0.0
0.0
0.0
0.0
0.0
0.0
0.0
0.0
14.016081781173757
0.0
0.0
0.0
0.0
0.0
0.0
0.0
0.0
0.0
0.0
0.0
13.786158655984535
0.0
0.0
0.0
0.0
0.0
0.0
0.0
0.0
0.0
0.0
0.0
0.0
0.0
0.0
0.0
0.0
0.0
0.0
0.0
14.02557907073417
0.0
0.0
0.0
0.0
0.0
0.0
0.0
0.0
0.0
0.0
0.0
0.0
0.0
0.0
14.036766349512915
0.0
0.0
0.0
0.0
0.0
0.0
0.0
0.0
0.0
0.0
0.0
0.0
0.0
0.0
0.0
0.0
0.0
0.0
0.0
0.0
13.985978089870514
0.0
0.0
0.0
0.0
13.910020533639251
0.0
13.890874108884947
0.0
0.0
0.0
0.0
0.0
0.0
0.0
0.0
0.0
0.0
13.870649354166654
0.0
0.0
0.0
0.0
0.0
0.0
0.0
14.0641051446777
0.0
0.0
0.0
0.0
0.0
0.0
0.0
13.919206928043128
0.0
0.0
0.0
0.0
0.0
0.0
0.0
0.0
14.075536084836521
13.784384721714032
0.0
0.0
0.0
0.0
0.0
0.0
0.0
0.0
0.0
0.0
0.0
0.0
0.0
0.0
0.0
0.0
0.0
0.0
0.0
14.012662974902534
0.0
0.0
0.0
0.0
0.0
0.0
0.0
0.0
0.0
0.0
13.883940739655033
0.0
13.989246983407043
0.0
0.0
0.0
0.0
0.0
0.0
0.0
13.9823873459291
0.0
0.0
0.0
0.0
13.363299804472948
0.0
13.750803061714787
0.0
0.0
0.0
0.0
0.0
0.0
0.0
0.0
0.0
0.0
0.0
0.0
0.0
0.0
0.0
0.0
0.0
0.0
0.0
13.713319137409394
0.0
0.0
0.0
0.0
0.0
0.0
0.0
0.0
13.882523265587524
0.0
0.0
0.0
0.0
0.0
0.0
0.0
13.870871566274952
0.0
0.0
0.0
0.0
0.0
0.0
0.0
0.0
13.794676544653715
0.0
0.0
0.0
0.0
0.0
0.0
0.0
0.0
0.0
0.0
0.0
0.0
0.0
0.0
0.0
0.0
0.0
0.0
0.0
0.0
0.0
0.0
0.0
0.0
13.708947309453977
0.0
0.0
0.0
0.0
0.0
0.0
0.0
0.0
0.0
13.895410846990492
0.0
0.0
0.0
0.0
0.0
0.0
0.0
0.0
0.0
0.0
0.0
0.0
0.0
0.0
0.0
0.0
0.0
14.081499826487589
0.0
0.0
13.721756568027727
0.0
0.0
0.0
0.0
0.0
0.0
0.0
0.0
0.0
0.0
0.0
0.0
0.0
0.0
0.0
0.0
0.0
0.0
13.687184377284659
0.0
0.0
0.0
0.0
0.0
0.0
0.0
0.0
0.0
0.0
13.93889272532456
0.0
0.0
0.0
0.0
0.0
0.0
14.009755629119937
0.0
0.0
0.0
0.0
0.0
0.0
0.0
0.0
0.0
0.0
0.0
0.0
14.04794715425542
0.0
0.0
0.0
13.757040287246145
0.0
13.965594157959705
0.0
0.0
0.0
0.0
0.0
0.0
0.0
0.0
0.0
0.0
14.02442552867213
0.0
0.0
0.0
0.0
0.0
0.0
0.0
0.0
0.0
0.0
0.0
0.0
0.0
0.0
0.0
0.0
0.0
0.0
13.868977135343155
0.0
0.0
0.0
0.0
0.0
0.0
0.0
0.0
0.0
0.0
13.164954177722223
0.0
14.05063206592736
0.0
0.0
13.90913041239694
0.0
0.0
0.0
0.0
0.0
0.0
0.0
0.0
0.0
0.0
14.058782097433255
0.0
0.0
0.0
13.765379735192456
0.0
0.0
0.0
0.0
0.0
0.0
13.78899104755393
0.0
0.0
0.0
0.0
0.0
0.0
0.0
13.822052796492999
0.0
0.0
0.0
0.0
0.0
0.0
13.692908274716922
0.0
13.89254210153853
0.0
0.0
0.0
0.0
0.0
0.0
0.0
0.0
13.900849515642076
0.0
0.0
0.0
0.0
0.0
0.0
0.0
0.0
0.0
0.0
0.0
0.0
0.0
0.0
0.0
0.0
0.0
0.0
0.0
0.0
0.0
14.034087157216225
0.0
0.0
0.0
0.0
0.0
0.0
0.0
0.0
0.0
0.0
0.0
0.0
0.0
0.0
0.0
0.0
0.0
0.0
0.0
0.0
0.0
0.0
0.0
0.0
0.0
0.0
0.0
0.0
0.0
0.0
0.0
0.0
0.0
14.035616770841516
0.0
0.0
0.0
0.0
0.0
0.0
13.684822973361792
0.0
0.0
0.0
0.0
0.0
0.0
0.0
13.784387806980398
0.0
0.0
0.0
0.0
0.0
0.0
0.0
0.0
13.842534901378054
0.0
0.0
0.0
0.0
0.0
0.0
0.0
0.0
0.0
0.0
0.0
0.0
0.0
0.0
0.0
0.0
0.0
0.0
0.0
0.0
0.0
0.0
13.747846185816611
0.0
0.0
0.0
0.0
0.0
0.0
13.469957087444831
0.0
0.0
0.0
0.0
0.0
14.032604469600622
0.0
0.0
0.0
0.0
0.0
0.0
0.0
0.0
0.0
0.0
0.0
0.0
0.0
0.0
0.0
0.0
0.0
0.0
0.0
0.0
0.0
0.0
0.0
0.0
0.0
0.0
0.0
13.950834648579177
0.0
0.0
0.0
0.0
0.0
0.0
0.0
0.0
0.0
13.963041280436286
0.0
0.0
0.0
13.866343665953025
0.0
0.0
0.0
0.0
0.0
13.880763030092496
0.0
0.0
0.0
0.0
0.0
0.0
0.0
0.0
0.0
0.0
0.0
0.0
0.0
14.123148421152381
0.0
0.0
0.0
0.0
0.0
0.0
0.0
0.0
0.0
0.0
0.0
0.0
0.0
0.0
0.0
13.73319567712712
0.0
0.0
0.0
0.0
0.0
0.0
0.0
0.0
0.0
0.0
0.0
0.0
0.0
0.0
0.0
0.0
0.0
0.0
0.0
0.0
0.0
0.0
0.0
0.0
0.0
0.0
0.0
0.0
0.0
0.0
0.0
13.852530846138245
0.0
0.0
13.886986079689988
14.068386762878381
0.0
0.0
0.0
0.0
0.0
0.0
0.0
0.0
0.0
0.0
0.0
0.0
0.0
14.077413111116831
0.0
0.0
0.0
0.0
0.0
0.0
14.048758434308978
0.0
0.0
0.0
0.0
0.0
0.0
0.0
0.0
13.791983506667243
0.0
0.0
13.323043579206479
0.0
0.0
0.0
0.0
0.0
0.0
0.0
0.0
0.0
0.0
0.0
0.0
0.0
0.0
0.0
0.0
0.0
0.0
0.0
0.0
0.0
0.0
0.0
0.0
0.0
0.0
0.0
0.0
0.0
0.0
0.0
0.0
0.0
0.0
0.0
0.0
0.0
0.0
0.0
0.0
0.0
0.0
0.0
0.0
0.0
0.0
0.0
0.0
13.157906956450029
0.0
0.0
0.0
0.0
0.0
0.0
0.0
0.0
0.0
0.0
14.019161529406922
13.859933672581521
0.0
13.382221795257324
0.0
0.0
0.0
0.0
0.0
0.0
0.0
0.0
0.0
0.0
0.0
0.0
0.0
14.089661115465116
0.0
0.0
13.984384566603005
0.0
0.0
0.0
0.0
0.0
0.0
0.0
0.0
0.0
0.0
0.0
0.0
0.0
0.0
0.0
0.0
0.0
0.0
0.0
0.0
0.0
0.0
0.0
14.086136619978555
0.0
14.047924715042525
0.0
0.0
0.0
13.853892283488475
0.0
0.0
0.0
0.0
0.0
0.0
0.0
0.0
0.0
14.082507098808485
0.0
0.0
0.0
0.0
13.82558067346033
0.0
13.97228986795167
0.0
0.0
0.0
0.0
0.0
0.0
0.0
0.0
0.0
0.0
13.554396813595876
0.0
0.0
0.0
0.0
0.0
0.0
0.0
0.0
0.0
0.0
0.0
0.0
0.0
0.0
0.0
0.0
0.0
0.0
0.0
0.0
0.0
0.0
0.0
0.0
0.0
0.0
0.0
0.0
0.0
14.037792908431017
0.0
0.0
0.0
0.0
0.0
13.730712412529883
13.879125995477848
0.0
0.0
0.0
0.0
0.0
0.0
0.0
0.0
0.0
0.0
0.0
0.0
0.0
0.0
0.0
0.0
0.0
0.0
0.0
0.0
0.0
13.988656699969184
13.544123282161852
0.0
0.0
0.0
0.0
0.0
0.0
0.0
13.980442172473458
0.0
0.0
0.0
0.0
0.0
0.0
13.379323882917706
0.0
0.0
0.0
0.0
0.0
0.0
0.0
0.0
0.0
0.0
0.0
0.0
0.0
0.0
0.0
0.0
0.0
0.0
0.0
0.0
0.0
0.0
0.0
0.0
0.0
13.934647706699261
0.0
0.0
0.0
0.0
0.0
0.0
0.0
0.0
0.0
0.0
0.0
0.0
0.0
0.0
0.0
0.0
0.0
0.0
0.0
0.0
0.0
0.0
0.0
0.0
14.068810778575525
0.0
0.0
0.0
0.0
0.0
0.0
0.0
0.0
0.0
0.0
0.0
0.0
0.0
0.0
0.0
0.0
0.0
0.0
0.0
0.0
0.0
0.0
0.0
14.027678135033401
0.0
0.0
0.0
0.0
0.0
0.0
0.0
0.0
0.0
0.0
0.0
0.0
0.0
0.0
0.0
0.0
0.0
0.0
0.0
0.0
0.0
0.0
0.0
0.0
0.0
0.0
0.0
0.0
0.0
13.537685181289964
0.0
0.0
0.0
0.0
0.0
0.0
0.0
0.0
0.0
0.0
0.0
0.0
0.0
0.0
0.0
0.0
0.0
0.0
0.0
0.0
0.0
0.0
0.0
0.0
0.0
0.0
0.0
0.0
0.0
0.0
0.0
0.0
0.0
0.0
13.967442767137346
0.0
0.0
0.0
14.015665357342519
0.0
0.0
0.0
0.0
0.0
0.0
0.0
0.0
0.0
0.0
0.0
0.0
0.0
0.0
0.0
0.0
0.0
0.0
0.0
0.0
0.0
14.047700298483363
0.0
0.0
13.76960860347507
0.0
0.0
0.0
0.0
0.0
13.673162885282768
0.0
0.0
0.0
0.0
0.0
0.0
0.0
0.0
0.0
14.077663815996369
0.0
0.0
0.0
0.0
0.0
0.0
0.0
0.0
0.0
0.0
0.0
0.0
0.0
0.0
0.0
13.912372849869978
0.0
0.0
0.0
0.0
0.0
13.780623446649628
13.711197370351165
0.0
0.0
0.0
0.0
0.0
0.0
0.0
0.0
0.0
0.0
0.0
0.0
0.0
0.0
0.0
0.0
0.0
0.0
0.0
0.0
0.0
0.0
0.0
0.0
0.0
0.0
13.740991156334282
0.0
14.012008343979739
0.0
0.0
0.0
0.0
0.0
0.0
0.0
0.0
0.0
0.0
0.0
0.0
13.617432259818745
0.0
0.0
0.0
0.0
0.0
0.0
0.0
0.0
0.0
0.0
0.0
0.0
0.0
0.0
0.0
0.0
0.0
0.0
0.0
0.0
0.0
0.0
0.0
0.0
0.0
0.0
0.0
0.0
0.0
0.0
0.0
0.0
0.0
0.0
0.0
0.0
0.0
0.0
0.0
0.0
0.0
0.0
0.0
13.902124177432764
0.0
0.0
0.0
0.0
0.0
0.0
0.0
0.0
0.0
0.0
0.0
0.0
0.0
0.0
0.0
0.0
0.0
0.0
0.0
0.0
0.0
0.0
0.0
13.755130785636705
0.0
0.0
0.0
0.0
0.0
0.0
0.0
0.0
0.0
0.0
0.0
0.0
0.0
0.0
0.0
0.0
0.0
0.0
14.037765324506905
0.0
0.0
0.0
0.0
0.0
0.0
0.0
13.574971885037078
0.0
0.0
0.0
0.0
0.0
0.0
0.0
0.0
0.0
0.0
14.058252830667323
13.89128786349138
0.0
0.0
0.0
0.0
13.8705657070481
0.0
0.0
0.0
0.0
0.0
0.0
0.0
14.002072990589102
0.0
0.0
0.0
0.0
0.0
0.0
0.0
0.0
0.0
0.0
0.0
0.0
0.0
0.0
0.0
0.0
0.0
0.0
0.0
0.0
0.0
0.0
0.0
0.0
0.0
0.0
0.0
0.0
0.0
0.0
0.0
0.0
0.0
0.0
0.0
0.0
0.0
13.305819068475358
0.0
0.0
0.0
0.0
0.0
0.0
0.0
0.0
0.0
0.0
0.0
0.0
0.0
0.0
0.0
0.0
0.0
0.0
0.0
0.0
13.725454755665352
0.0
0.0
0.0
0.0
0.0
0.0
0.0
0.0
0.0
0.0
0.0
14.089385929546518
0.0
0.0
0.0
0.0
0.0
0.0
0.0
13.18783037772288
0.0
0.0
13.938190180361362
0.0
0.0
0.0
0.0
0.0
14.04814665690099
0.0
0.0
0.0
0.0
13.840648563046939
0.0
0.0
0.0
13.866760829455972
0.0
0.0
0.0
0.0
0.0
0.0
0.0
0.0
0.0
0.0
0.0
0.0
0.0
0.0
13.556299592485153
0.0
0.0
0.0
0.0
0.0
0.0
0.0
0.0
0.0
0.0
0.0
0.0
0.0
0.0
0.0
0.0
0.0
0.0
0.0
0.0
0.0
0.0
0.0
0.0
0.0
0.0
0.0
0.0
0.0
0.0
0.0
0.0
0.0
13.978505487565378
0.0
0.0
0.0
0.0
0.0
0.0
0.0
0.0
0.0
0.0
0.0
0.0
0.0
0.0
0.0
0.0
0.0
0.0
0.0
0.0
0.0
0.0
0.0
0.0
0.0
0.0
0.0
0.0
0.0
0.0
0.0
0.0
0.0
0.0
0.0
0.0
0.0
13.988960780633604
14.02004002126822
0.0
0.0
0.0
0.0
13.5453164219877
0.0
0.0
0.0
0.0
0.0
0.0
0.0
0.0
0.0
0.0
0.0
13.828762344281586
13.907589974102384
0.0
0.0
0.0
0.0
0.0
0.0
0.0
13.086428329263331
13.789059410312616
0.0
0.0
0.0
0.0
0.0
0.0
0.0
0.0
0.0
0.0
0.0
0.0
13.907776136471027
0.0
0.0
0.0
0.0
0.0
13.939012797428713
13.42461753342392
0.0
0.0
0.0
0.0
0.0
13.991218798686383
0.0
0.0
0.0
0.0
0.0
0.0
0.0
0.0
0.0
0.0
0.0
0.0
0.0
0.0
0.0
0.0
0.0
0.0
0.0
0.0
0.0
0.0
0.0
0.0
0.0
13.56530593177786
0.0
0.0
0.0
0.0
0.0
0.0
0.0
0.0
13.76067885808113
13.946596798505924
0.0
0.0
0.0
0.0
0.0
0.0
0.0
0.0
13.85207143648609
0.0
13.818282571066836
0.0
0.0
0.0
0.0
0.0
0.0
0.0
0.0
0.0
0.0
0.0
0.0
0.0
0.0
0.0
0.0
0.0
0.0
0.0
0.0
0.0
0.0
0.0
0.0
0.0
0.0
0.0
0.0
0.0
0.0
0.0
14.032041846562002
0.0
0.0
0.0
0.0
0.0
13.637785552384809
0.0
0.0
0.0
0.0
0.0
0.0
0.0
0.0
0.0
0.0
0.0
0.0
0.0
0.0
0.0
0.0
0.0
0.0
13.249810883461155
0.0
0.0
0.0
0.0
0.0
0.0
0.0
0.0
0.0
0.0
0.0
0.0
0.0
0.0
0.0
0.0
0.0
0.0
0.0
0.0
0.0
0.0
0.0
0.0
0.0
0.0
0.0
0.0
0.0
0.0
0.0
0.0
0.0
0.0
0.0
0.0
0.0
0.0
0.0
0.0
0.0
0.0
0.0
0.0
0.0
0.0
0.0
0.0
0.0
0.0
0.0
0.0
0.0
0.0
0.0
0.0
0.0
0.0
13.912415439387019
14.075712339592025
0.0
0.0
0.0
0.0
0.0
0.0
13.989842949181993
0.0
0.0
13.948173546327023
0.0
0.0
0.0
13.75363176108357
0.0
0.0
0.0
0.0
0.0
0.0
0.0
0.0
0.0
0.0
0.0
0.0
0.0
0.0
0.0
0.0
0.0
0.0
0.0
0.0
0.0
0.0
0.0
0.0
0.0
0.0
0.0
0.0
0.0
0.0
0.0
13.927871548268303
0.0
14.003652845488444
0.0
0.0
0.0
0.0
0.0
0.0
0.0
0.0
0.0
0.0
0.0
0.0
0.0
0.0
13.904043075986426
13.942992140070675
0.0
0.0
0.0
0.0
0.0
0.0
0.0
0.0
0.0
13.820903023209564
0.0
0.0
0.0
0.0
0.0
0.0
0.0
0.0
13.719069063801001
0.0
0.0
13.81345756402786
14.105553857408186
0.0
0.0
0.0
0.0
0.0
0.0
0.0
0.0
0.0
0.0
0.0
0.0
0.0
0.0
0.0
0.0
0.0
0.0
0.0
0.0
0.0
0.0
0.0
0.0
0.0
0.0
0.0
0.0
0.0
0.0
0.0
0.0
0.0
0.0
0.0
0.0
0.0
0.0
0.0
13.454539186010706
0.0
0.0
0.0
0.0
0.0
0.0
13.917355834271206
13.964229679946175
13.920726823045467
0.0
13.966589360529646
0.0
0.0
0.0
0.0
0.0
0.0
0.0
0.0
0.0
0.0
0.0
0.0
0.0
13.58697861322733
0.0
0.0
14.096556852796944
0.0
0.0
0.0
0.0
0.0
0.0
0.0
0.0
0.0
0.0
0.0
0.0
0.0
0.0
13.903622661330685
0.0
0.0
0.0
0.0
0.0
13.906834407744645
0.0
0.0
0.0
0.0
0.0
13.99171551345369
13.690792848495214
13.783139299539231
0.0
0.0
0.0
0.0
0.0
0.0
0.0
0.0
0.0
0.0
13.938885673766663
0.0
0.0
0.0
0.0
0.0
0.0
0.0
0.0
0.0
0.0
14.128579471125565
13.889106820461762
13.901861972532355
0.0
0.0
0.0
13.883052818443314
0.0
0.0
0.0
0.0
0.0
0.0
0.0
14.015735963284419
0.0
0.0
0.0
0.0
0.0
0.0
0.0
0.0
0.0
0.0
0.0
0.0
0.0
0.0
0.0
0.0
0.0
0.0
0.0
0.0
0.0
0.0
0.0
0.0
0.0
0.0
13.866997719139313
0.0
0.0
0.0
0.0
13.871521711096035
0.0
0.0
0.0
0.0
0.0
0.0
0.0
0.0
0.0
0.0
0.0
0.0
0.0
0.0
0.0
0.0
0.0
0.0
0.0
0.0
13.857161142485026
0.0
0.0
0.0
0.0
0.0
0.0
0.0
0.0
0.0
0.0
0.0
13.91282994099164
0.0
0.0
13.363332109485889
0.0
0.0
0.0
0.0
0.0
0.0
0.0
0.0
0.0
13.905171312180222
0.0
0.0
0.0
0.0
0.0
0.0
0.0
0.0
0.0
0.0
0.0
0.0
13.867072872076097
0.0
0.0
0.0
0.0
0.0
0.0
0.0
0.0
0.0
0.0
0.0
0.0
0.0
0.0
13.668062931920927
0.0
0.0
0.0
0.0
13.936017853539107
0.0
0.0
0.0
0.0
0.0
0.0
13.674494725758974
13.410888133763283
0.0
0.0
0.0
0.0
13.8962575624807
0.0
0.0
13.662122897540357
0.0
13.85277605788632
0.0
0.0
13.996898785901143
0.0
0.0
0.0
0.0
0.0
0.0
0.0
0.0
0.0
0.0
0.0
0.0
0.0
13.622963795403457
0.0
0.0
0.0
0.0
0.0
0.0
0.0
0.0
0.0
0.0
0.0
0.0
0.0
0.0
0.0
0.0
0.0
0.0
0.0
0.0
13.857300788547322
0.0
0.0
0.0
0.0
0.0
0.0
0.0
0.0
0.0
0.0
0.0
0.0
0.0
0.0
0.0
0.0
0.0
0.0
0.0
0.0
0.0
0.0
13.838482165574328
0.0
0.0
13.768789772649383
0.0
0.0
0.0
14.054516330577394
0.0
0.0
0.0
0.0
0.0
0.0
0.0
0.0
0.0
0.0
0.0
0.0
0.0
0.0
0.0
0.0
0.0
0.0
13.835398887206814
0.0
0.0
0.0
0.0
0.0
0.0
0.0
0.0
0.0
14.057207677494706
0.0
0.0
13.864999599476965
0.0
0.0
0.0
0.0
0.0
0.0
0.0
0.0
0.0
0.0
0.0
0.0
0.0
0.0
0.0
0.0
14.02605359510054
0.0
0.0
0.0
0.0
14.098166460727695
0.0
0.0
0.0
0.0
0.0
0.0
0.0
0.0
0.0
0.0
0.0
0.0
0.0
0.0
0.0
0.0
0.0
0.0
0.0
0.0
0.0
0.0
0.0
0.0
0.0
0.0
0.0
13.932111933179128
0.0
0.0
0.0
0.0
0.0
0.0
0.0
0.0
13.322992804093852
0.0
0.0
0.0
0.0
0.0
0.0
0.0
0.0
0.0
0.0
0.0
0.0
0.0
0.0
0.0
0.0
0.0
0.0
13.614451896649198
0.0
0.0
0.0
0.0
14.08984381025363
0.0
0.0
0.0
0.0
0.0
0.0
0.0
13.694692048168662
0.0
0.0
0.0
0.0
0.0
0.0
0.0
0.0
0.0
0.0
0.0
0.0
0.0
0.0
0.0
0.0
0.0
0.0
0.0
0.0
0.0
0.0
0.0
0.0
0.0
0.0
0.0
0.0
0.0
0.0
0.0
13.93029329406482
0.0
0.0
0.0
0.0
0.0
0.0
0.0
0.0
0.0
0.0
13.780223473260325
0.0
0.0
0.0
0.0
0.0
0.0
0.0
0.0
0.0
0.0
13.79282970992288
0.0
0.0
0.0
0.0
0.0
0.0
0.0
0.0
0.0
13.869927913062309
0.0
0.0
0.0
0.0
0.0
13.911894053034493
0.0
0.0
0.0
0.0
0.0
0.0
0.0
0.0
13.804002365663573
0.0
0.0
0.0
0.0
0.0
0.0
0.0
0.0
0.0
0.0
0.0
0.0
0.0
0.0
0.0
0.0
0.0
0.0
0.0
0.0
0.0
0.0
0.0
0.0
0.0
0.0
0.0
0.0
0.0
0.0
0.0
13.882027502819927
0.0
0.0
0.0
0.0
0.0
0.0
0.0
0.0
13.852204888161051
0.0
0.0
0.0
13.332504593866702
0.0
0.0
0.0
0.0
0.0
0.0
0.0
13.8657079775382
0.0
0.0
0.0
0.0
0.0
0.0
0.0
0.0
0.0
0.0
0.0
0.0
0.0
0.0
0.0
0.0
0.0
0.0
0.0
0.0
0.0
0.0
0.0
13.987506576333368
0.0
0.0
0.0
0.0
0.0
0.0
0.0
0.0
0.0
0.0
0.0
0.0
0.0
0.0
0.0
0.0
13.323037775510418
0.0
0.0
0.0
0.0
0.0
0.0
0.0
0.0
0.0
0.0
0.0
0.0
0.0
0.0
0.0
0.0
0.0
0.0
0.0
0.0
0.0
0.0
0.0
0.0
0.0
0.0
0.0
0.0
0.0
0.0
0.0
0.0
0.0
0.0
0.0
0.0
0.0
0.0
0.0
0.0
0.0
0.0
14.014175686069697
0.0
0.0
0.0
0.0
0.0
0.0
0.0
0.0
0.0
0.0
0.0
13.593981023553397
0.0
14.055161281000565
0.0
0.0
0.0
0.0
0.0
0.0
0.0
0.0
0.0
0.0
0.0
0.0
0.0
0.0
0.0
0.0
0.0
0.0
0.0
0.0
0.0
0.0
0.0
0.0
0.0
0.0
0.0
0.0
0.0
0.0
0.0
0.0
0.0
0.0
0.0
0.0
0.0
0.0
0.0
0.0
0.0
13.49875583154617
0.0
0.0
0.0
0.0
0.0
0.0
0.0
0.0
0.0
0.0
0.0
0.0
0.0
0.0
0.0
0.0
0.0
0.0
13.905733702191082
0.0
0.0
0.0
0.0
0.0
0.0
0.0
0.0
0.0
0.0
0.0
0.0
0.0
0.0
0.0
0.0
0.0
0.0
0.0
0.0
0.0
0.0
0.0
0.0
0.0
0.0
13.329967277962618
0.0
0.0
0.0
0.0
0.0
0.0
0.0
0.0
0.0
0.0
0.0
0.0
0.0
0.0
0.0
0.0
0.0
0.0
0.0
0.0
0.0
0.0
0.0
0.0
0.0
0.0
0.0
0.0
0.0
0.0
0.0
0.0
14.101399853973588
0.0
0.0
0.0
0.0
0.0
0.0
0.0
0.0
14.09416949369882
0.0
0.0
0.0
0.0
0.0
0.0
0.0
0.0
0.0
0.0
0.0
0.0
0.0
0.0
0.0
0.0
0.0
0.0
0.0
0.0
0.0
0.0
0.0
0.0
0.0
0.0
13.816518259725397
0.0
0.0
0.0
0.0
13.979182988157836
0.0
14.1037038138028
0.0
0.0
0.0
0.0
0.0
0.0
0.0
0.0
0.0
0.0
0.0
0.0
0.0
0.0
0.0
0.0
0.0
0.0
0.0
0.0
0.0
0.0
0.0
0.0
13.40293805058702
0.0
14.093131195825693
0.0
13.993460661126905
0.0
0.0
0.0
0.0
0.0
0.0
0.0
0.0
0.0
0.0
0.0
0.0
0.0
0.0
0.0
0.0
0.0
0.0
0.0
0.0
0.0
0.0
0.0
0.0
0.0
0.0
0.0
0.0
0.0
13.97567569077659
0.0
0.0
0.0
0.0
0.0
0.0
0.0
0.0
13.82394373989383
0.0
0.0
0.0
0.0
0.0
0.0
0.0
0.0
0.0
0.0
0.0
13.791991635974668
0.0
0.0
0.0
0.0
0.0
0.0
14.119443797650723
0.0
13.806650206337464
0.0
0.0
0.0
13.96777710302454
0.0
0.0
0.0
0.0
0.0
0.0
0.0
0.0
0.0
0.0
0.0
0.0
0.0
0.0
0.0
0.0
0.0
0.0
0.0
0.0
0.0
0.0
0.0
0.0
0.0
0.0
0.0
13.756739036953643
0.0
0.0
0.0
0.0
0.0
0.0
0.0
0.0
0.0
13.774672845770501
0.0
0.0
0.0
0.0
0.0
0.0
0.0
0.0
0.0
0.0
0.0
0.0
14.028318226763863
0.0
0.0
0.0
0.0
0.0
0.0
13.668949180885622
13.955032884315719
0.0
13.291277326097047
0.0
0.0
0.0
0.0
0.0
0.0
0.0
0.0
14.083420978364016
0.0
0.0
13.582555165985646
0.0
0.0
0.0
0.0
0.0
0.0
0.0
0.0
0.0
0.0
0.0
0.0
0.0
0.0
13.814048822483896
0.0
0.0
0.0
0.0
0.0
0.0
14.036286964441437
0.0
0.0
0.0
0.0
0.0
0.0
0.0
0.0
0.0
0.0
0.0
13.752550831298501
0.0
0.0
0.0
0.0
0.0
0.0
0.0
0.0
0.0
0.0
0.0
0.0
0.0
0.0
0.0
0.0
0.0
0.0
0.0
0.0
0.0
0.0
0.0
0.0
0.0
0.0
0.0
0.0
0.0
0.0
0.0
0.0
0.0
0.0
0.0
0.0
0.0
0.0
13.740578245303677
0.0
0.0
0.0
0.0
0.0
0.0
0.0
0.0
0.0
0.0
0.0
0.0
0.0
14.018174226278699
0.0
0.0
0.0
0.0
0.0
14.004282228338042
0.0
0.0
0.0
0.0
0.0
0.0
0.0
0.0
0.0
0.0
0.0
0.0
0.0
0.0
0.0
0.0
0.0
0.0
0.0
0.0
0.0
0.0
0.0
0.0
0.0
0.0
0.0
14.08554875269482
13.908164246360046
0.0
0.0
13.796403072498707
14.060274096100772
14.067854298788786
0.0
0.0
0.0
0.0
0.0
0.0
14.031382573721949
0.0
0.0
0.0
0.0
0.0
0.0
0.0
0.0
0.0
0.0
0.0
0.0
0.0
0.0
0.0
0.0
13.849753256101964
0.0
0.0
0.0
0.0
14.090391548014093
0.0
0.0
0.0
0.0
0.0
0.0
0.0
0.0
0.0
0.0
0.0
0.0
0.0
0.0
0.0
0.0
0.0
0.0
0.0
0.0
0.0
0.0
0.0
0.0
0.0
0.0
0.0
13.765571682847954
0.0
0.0
13.959554703864566
0.0
0.0
0.0
0.0
13.530679550328948
0.0
0.0
0.0
0.0
0.0
0.0
0.0
0.0
0.0
0.0
0.0
0.0
0.0
0.0
0.0
0.0
0.0
0.0
0.0
0.0
0.0
0.0
0.0
0.0
0.0
0.0
13.513731949115998
0.0
0.0
0.0
0.0
0.0
0.0
0.0
0.0
13.86966820961835
0.0
0.0
0.0
0.0
0.0
0.0
0.0
0.0
0.0
0.0
0.0
0.0
0.0
0.0
0.0
0.0
0.0
0.0
0.0
0.0
0.0
0.0
0.0
0.0
0.0
0.0
0.0
0.0
14.087195017960125
0.0
13.755413305712386
0.0
13.852017789373829
0.0
0.0
0.0
13.909569358837318
0.0
0.0
0.0
0.0
0.0
0.0
0.0
0.0
13.526422218871604
0.0
13.942820711361028
13.888410233224546
0.0
0.0
0.0
0.0
0.0
0.0
0.0
0.0
0.0
0.0
0.0
0.0
0.0
0.0
0.0
0.0
0.0
13.59565354013903
0.0
0.0
0.0
0.0
13.87242637565028
13.921671694692586
0.0
0.0
0.0
0.0
0.0
0.0
0.0
13.955259034121658
0.0
0.0
0.0
0.0
0.0
0.0
0.0
0.0
0.0
0.0
0.0
0.0
0.0
0.0
14.127557474052407
0.0
0.0
0.0
0.0
13.919470322560672
0.0
0.0
0.0
0.0
0.0
0.0
0.0
0.0
13.468999509361073
0.0
0.0
0.0
0.0
0.0
0.0
0.0
0.0
0.0
0.0
0.0
0.0
0.0
0.0
0.0
0.0
0.0
0.0
0.0
0.0
0.0
0.0
0.0
0.0
0.0
0.0
0.0
0.0
0.0
13.845413030778953
0.0
0.0
0.0
0.0
0.0
0.0
0.0
0.0
0.0
0.0
0.0
0.0
14.095704879927728
0.0
0.0
0.0
0.0
0.0
0.0
0.0
0.0
0.0
0.0
0.0
0.0
0.0
0.0
13.624480266078223
0.0
14.026965927996574
0.0
0.0
0.0
0.0
0.0
0.0
0.0
0.0
0.0
0.0
0.0
0.0
0.0
0.0
0.0
0.0
0.0
0.0
0.0
0.0
0.0
0.0
0.0
0.0
0.0
0.0
13.76443522898088
0.0
0.0
0.0
0.0
0.0
0.0
0.0
0.0
0.0
0.0
14.00801420619241
0.0
0.0
13.677531100694624
0.0
0.0
13.825220900040408
0.0
0.0
0.0
0.0
0.0
0.0
0.0
0.0
13.695162997736055
0.0
0.0
0.0
0.0
0.0
0.0
0.0
0.0
0.0
0.0
0.0
0.0
0.0
0.0
0.0
0.0
0.0
0.0
0.0
0.0
0.0
0.0
0.0
0.0
0.0
0.0
0.0
0.0
0.0
0.0
0.0
0.0
0.0
0.0
0.0
0.0
0.0
0.0
0.0
0.0
0.0
0.0
0.0
0.0
0.0
0.0
0.0
0.0
0.0
0.0
0.0
0.0
0.0
0.0
0.0
0.0
0.0
0.0
0.0
0.0
0.0
0.0
0.0
0.0
0.0
0.0
0.0
0.0
0.0
14.04404882922787
0.0
0.0
0.0
0.0
0.0
0.0
0.0
0.0
0.0
0.0
0.0
14.067185274513495
0.0
0.0
0.0
0.0
0.0
13.454768306436648
0.0
0.0
0.0
0.0
0.0
0.0
0.0
0.0
0.0
0.0
0.0
0.0
0.0
13.716983690965666
0.0
0.0
0.0
0.0
0.0
0.0
13.871342514696902
0.0
0.0
0.0
13.893663536564116
0.0
0.0
0.0
0.0
0.0
0.0
0.0
0.0
0.0
0.0
0.0
0.0
0.0
0.0
0.0
0.0
0.0
0.0
0.0
0.0
0.0
0.0
0.0
0.0
0.0
0.0
13.996082794892127
0.0
0.0
0.0
13.906758571214834
0.0
0.0
0.0
0.0
0.0
0.0
0.0
0.0
0.0
0.0
0.0
0.0
0.0
13.861734506653173
0.0
13.157806431628648
0.0
0.0
0.0
0.0
0.0
0.0
0.0
13.996644708007308
0.0
0.0
0.0
0.0
0.0
0.0
0.0
0.0
0.0
0.0
0.0
0.0
0.0
0.0
0.0
0.0
0.0
0.0
0.0
0.0
0.0
0.0
0.0
0.0
0.0
0.0
0.0
0.0
0.0
0.0
14.005586872453312
0.0
0.0
0.0
0.0
0.0
0.0
14.04884045892641
0.0
0.0
0.0
0.0
0.0
0.0
0.0
0.0
0.0
0.0
0.0
0.0
0.0
0.0
0.0
0.0
0.0
0.0
0.0
14.061655765263849
0.0
0.0
0.0
0.0
0.0
0.0
0.0
0.0
0.0
0.0
0.0
0.0
0.0
0.0
0.0
13.454835062392124
0.0
0.0
0.0
0.0
0.0
0.0
0.0
0.0
0.0
0.0
0.0
0.0
0.0
0.0
0.0
0.0
0.0
0.0
0.0
0.0
0.0
0.0
0.0
0.0
0.0
0.0
0.0
0.0
0.0
0.0
0.0
0.0
0.0
0.0
0.0
0.0
0.0
0.0
0.0
13.78640565033491
0.0
14.120010987412934
0.0
0.0
0.0
14.023928552002346
0.0
0.0
0.0
0.0
0.0
0.0
0.0
0.0
0.0
0.0
0.0
0.0
0.0
0.0
0.0
0.0
0.0
0.0
0.0
0.0
0.0
0.0
0.0
0.0
0.0
0.0
0.0
0.0
0.0
0.0
0.0
0.0
0.0
0.0
0.0
0.0
0.0
0.0
0.0
0.0
0.0
0.0
0.0
0.0
0.0
0.0
0.0
0.0
0.0
0.0
0.0
0.0
0.0
0.0
0.0
0.0
0.0
0.0
0.0
13.704557845998359
0.0
0.0
0.0
13.452950482049022
0.0
0.0
0.0
0.0
0.0
0.0
0.0
0.0
0.0
0.0
0.0
0.0
0.0
0.0
0.0
0.0
0.0
13.928269300815813
0.0
0.0
0.0
0.0
0.0
0.0
0.0
0.0
0.0
0.0
0.0
0.0
0.0
0.0
0.0
0.0
0.0
0.0
0.0
0.0
0.0
0.0
0.0
0.0
0.0
0.0
0.0
0.0
0.0
0.0
0.0
0.0
0.0
0.0
13.757279761009057
0.0
13.959964587035518
0.0
0.0
0.0
0.0
0.0
0.0
0.0
0.0
0.0
0.0
0.0
0.0
13.76633804891975
0.0
0.0
14.030408313368604
0.0
0.0
0.0
0.0
0.0
0.0
0.0
0.0
0.0
0.0
0.0
0.0
0.0
0.0
0.0
13.651234338188406
0.0
0.0
0.0
0.0
0.0
13.732115456615128
0.0
0.0
0.0
0.0
0.0
0.0
0.0
0.0
0.0
13.833817629204628
0.0
0.0
0.0
0.0
0.0
0.0
13.986794106707986
0.0
0.0
0.0
0.0
0.0
0.0
0.0
0.0
0.0
0.0
0.0
0.0
0.0
0.0
0.0
0.0
0.0
0.0
0.0
0.0
0.0
0.0
0.0
0.0
0.0
0.0
0.0
0.0
0.0
0.0
0.0
0.0
0.0
0.0
0.0
0.0
0.0
0.0
0.0
0.0
0.0
0.0
13.827143571842447
0.0
0.0
0.0
0.0
0.0
0.0
0.0
0.0
0.0
0.0
0.0
0.0
0.0
0.0
0.0
0.0
0.0
0.0
0.0
0.0
0.0
0.0
0.0
0.0
0.0
0.0
14.058511673863768
0.0
0.0
0.0
0.0
0.0
0.0
0.0
0.0
0.0
0.0
0.0
0.0
0.0
13.625019309316972
0.0
0.0
0.0
0.0
0.0
0.0
0.0
0.0
0.0
0.0
0.0
0.0
0.0
0.0
0.0
0.0
0.0
0.0
0.0
0.0
0.0
0.0
0.0
0.0
0.0
0.0
0.0
0.0
0.0
0.0
0.0
0.0
0.0
0.0
0.0
0.0
0.0
0.0
0.0
0.0
14.037530341536188
0.0
0.0
0.0
0.0
0.0
0.0
13.946045220776766
0.0
0.0
0.0
0.0
0.0
0.0
0.0
0.0
0.0
0.0
0.0
13.884251734244117
0.0
0.0
0.0
0.0
13.675920580132942
0.0
0.0
14.112888897159527
0.0
0.0
0.0
0.0
13.468260319437364
0.0
0.0
0.0
0.0
0.0
0.0
0.0
0.0
0.0
0.0
14.11048981280309
0.0
0.0
0.0
0.0
0.0
0.0
0.0
0.0
0.0
0.0
0.0
0.0
0.0
0.0
0.0
0.0
0.0
0.0
0.0
0.0
0.0
0.0
0.0
0.0
0.0
0.0
0.0
0.0
0.0
0.0
0.0
0.0
0.0
0.0
0.0
0.0
0.0
0.0
0.0
14.070979355122592
0.0
0.0
0.0
0.0
0.0
0.0
0.0
0.0
0.0
0.0
0.0
0.0
0.0
0.0
0.0
0.0
0.0
0.0
0.0
0.0
13.923831773220996
0.0
0.0
0.0
0.0
0.0
0.0
0.0
0.0
0.0
0.0
0.0
0.0
0.0
0.0
0.0
0.0
0.0
0.0
0.0
0.0
0.0
0.0
0.0
0.0
0.0
13.98414071598282
0.0
0.0
0.0
0.0
0.0
0.0
0.0
0.0
14.071976835925115
0.0
0.0
13.72401052300744
0.0
0.0
0.0
0.0
0.0
13.786318028022032
0.0
0.0
0.0
0.0
0.0
0.0
0.0
0.0
0.0
0.0
0.0
0.0
0.0
0.0
0.0
0.0
0.0
0.0
0.0
0.0
0.0
14.07098937990264
0.0
0.0
0.0
0.0
0.0
0.0
0.0
13.515600762249234
0.0
0.0
0.0
0.0
0.0
0.0
0.0
0.0
0.0
0.0
0.0
0.0
0.0
0.0
0.0
0.0
0.0
0.0
0.0
0.0
0.0
0.0
0.0
0.0
0.0
0.0
0.0
0.0
0.0
0.0
0.0
0.0
0.0
13.499751328059656
0.0
0.0
0.0
0.0
0.0
0.0
0.0
0.0
0.0
0.0
0.0
0.0
0.0
0.0
0.0
0.0
0.0
0.0
13.94062869524406
0.0
0.0
0.0
0.0
0.0
0.0
0.0
0.0
0.0
0.0
0.0
0.0
0.0
0.0
0.0
0.0
0.0
0.0
0.0
0.0
0.0
0.0
0.0
0.0
0.0
0.0
0.0
0.0
0.0
0.0
0.0
0.0
0.0
0.0
0.0
0.0
0.0
0.0
0.0
0.0
0.0
0.0
0.0
0.0
0.0
0.0
0.0
0.0
0.0
0.0
0.0
0.0
0.0
0.0
0.0
0.0
0.0
0.0
13.769936214412242
13.909207421814383
0.0
0.0
0.0
0.0
0.0
0.0
0.0
0.0
0.0
0.0
0.0
0.0
0.0
0.0
0.0
0.0
0.0
0.0
0.0
0.0
0.0
0.0
0.0
0.0
0.0
0.0
0.0
0.0
0.0
0.0
0.0
0.0
0.0
0.0
0.0
0.0
0.0
0.0
0.0
0.0
0.0
0.0
0.0
13.994585806854227
0.0
0.0
13.918543727685055
0.0
0.0
0.0
0.0
0.0
0.0
0.0
0.0
13.34993570647224
14.066167851680332
0.0
0.0
0.0
0.0
0.0
0.0
0.0
0.0
0.0
0.0
0.0
0.0
0.0
0.0
0.0
0.0
0.0
0.0
0.0
0.0
0.0
0.0
0.0
0.0
0.0
0.0
0.0
0.0
0.0
0.0
0.0
0.0
0.0
0.0
0.0
0.0
0.0
0.0
0.0
0.0
14.1189918261588
0.0
0.0
0.0
0.0
0.0
0.0
0.0
0.0
14.046246127104748
0.0
0.0
0.0
0.0
0.0
0.0
0.0
0.0
0.0
0.0
0.0
0.0
0.0
0.0
0.0
0.0
0.0
0.0
0.0
0.0
0.0
0.0
0.0
0.0
0.0
14.066341810674349
0.0
13.890560251594772
0.0
0.0
0.0
0.0
0.0
0.0
0.0
14.000378400174807
0.0
0.0
0.0
0.0
0.0
0.0
0.0
0.0
0.0
14.082937293293265
0.0
0.0
0.0
0.0
0.0
0.0
0.0
0.0
13.237172992252123
0.0
0.0
0.0
0.0
0.0
0.0
0.0
0.0
0.0
0.0
0.0
0.0
0.0
0.0
0.0
0.0
0.0
0.0
13.83670468170486
0.0
0.0
0.0
0.0
0.0
0.0
0.0
0.0
14.05190078866339
0.0
0.0
0.0
0.0
0.0
0.0
0.0
13.996615047233156
0.0
0.0
0.0
0.0
14.01486376560171
0.0
0.0
0.0
0.0
0.0
0.0
0.0
0.0
0.0
0.0
0.0
0.0
0.0
0.0
0.0
0.0
0.0
0.0
0.0
0.0
0.0
0.0
0.0
0.0
0.0
0.0
0.0
0.0
0.0
0.0
0.0
0.0
0.0
0.0
13.921005208520281
0.0
14.047320710563056
0.0
0.0
13.819386499877183
0.0
0.0
14.000508837258248
0.0
0.0
0.0
0.0
0.0
0.0
13.857382347248551
0.0
0.0
0.0
0.0
0.0
0.0
0.0
0.0
0.0
0.0
0.0
0.0
0.0
0.0
0.0
0.0
0.0
0.0
0.0
0.0
13.928692162340013
0.0
0.0
0.0
0.0
0.0
13.41086573127367
0.0
13.708669234517503
0.0
0.0
0.0
0.0
0.0
0.0
0.0
0.0
0.0
0.0
0.0
0.0
0.0
0.0
13.806213800401821
0.0
0.0
0.0
0.0
0.0
0.0
0.0
0.0
0.0
0.0
0.0
0.0
0.0
0.0
0.0
0.0
0.0
0.0
0.0
0.0
0.0
13.915208998546388
0.0
0.0
13.964771474749671
0.0
0.0
0.0
0.0
0.0
0.0
0.0
0.0
0.0
13.730694168851763
0.0
0.0
0.0
0.0
0.0
0.0
0.0
0.0
0.0
0.0
0.0
0.0
0.0
0.0
0.0
0.0
0.0
0.0
0.0
0.0
0.0
0.0
0.0
14.00311007818281
0.0
0.0
0.0
0.0
0.0
0.0
0.0
0.0
0.0
0.0
0.0
0.0
0.0
0.0
0.0
14.066343265762956
0.0
0.0
0.0
0.0
0.0
0.0
0.0
0.0
0.0
0.0
0.0
0.0
0.0
13.7971357924192
0.0
0.0
0.0
0.0
0.0
0.0
0.0
0.0
0.0
0.0
0.0
0.0
0.0
0.0
0.0
0.0
0.0
0.0
0.0
0.0
0.0
0.0
0.0
0.0
0.0
0.0
0.0
0.0
0.0
0.0
0.0
13.668488319033452
0.0
0.0
0.0
0.0
13.828479851993007
0.0
0.0
0.0
0.0
0.0
0.0
0.0
0.0
0.0
0.0
0.0
0.0
0.0
13.862091907690424
0.0
0.0
0.0
0.0
0.0
13.516320631782618
0.0
0.0
0.0
0.0
0.0
0.0
0.0
0.0
0.0
0.0
0.0
14.08197680921595
13.949418342884101
0.0
0.0
0.0
0.0
13.653221722545734
0.0
0.0
13.915065336867697
13.30578582729707
0.0
0.0
0.0
13.937071142511996
0.0
0.0
0.0
0.0
0.0
0.0
0.0
0.0
0.0
0.0
0.0
0.0
0.0
0.0
0.0
0.0
0.0
0.0
0.0
0.0
13.99830271801486
0.0
0.0
0.0
0.0
0.0
0.0
0.0
0.0
0.0
0.0
0.0
13.87090124455687
0.0
0.0
0.0
0.0
13.9570990715558
0.0
0.0
0.0
0.0
0.0
0.0
0.0
0.0
0.0
0.0
14.028315306558925
0.0
13.425776242641813
0.0
0.0
0.0
0.0
0.0
0.0
0.0
0.0
0.0
0.0
0.0
0.0
0.0
0.0
0.0
0.0
0.0
0.0
0.0
0.0
0.0
13.45478667458365
0.0
0.0
0.0
0.0
0.0
0.0
0.0
0.0
0.0
0.0
0.0
0.0
0.0
0.0
0.0
0.0
13.454850791967491
0.0
0.0
0.0
0.0
0.0
0.0
0.0
13.499432925463237
0.0
0.0
0.0
0.0
0.0
13.999464412337746
0.0
0.0
0.0
0.0
0.0
0.0
0.0
0.0
13.825169894337769
0.0
0.0
0.0
0.0
0.0
0.0
0.0
0.0
13.88885309110771
0.0
0.0
0.0
13.691362977545923
13.91894966960232
13.876569605261228
0.0
0.0
0.0
0.0
0.0
0.0
0.0
0.0
0.0
0.0
14.084769014970632
0.0
0.0
0.0
0.0
0.0
0.0
0.0
0.0
0.0
0.0
0.0
0.0
0.0
0.0
0.0
0.0
0.0
0.0
0.0
0.0
0.0
0.0
0.0
0.0
0.0
0.0
0.0
0.0
0.0
0.0
0.0
0.0
0.0
0.0
0.0
0.0
0.0
0.0
0.0
0.0
0.0
0.0
0.0
0.0
0.0
0.0
0.0
0.0
0.0
0.0
0.0
0.0
0.0
0.0
0.0
0.0
0.0
0.0
0.0
0.0
0.0
0.0
13.842790902200631
0.0
0.0
0.0
0.0
14.089139479558863
0.0
0.0
0.0
0.0
0.0
0.0
13.79970946239441
0.0
0.0
0.0
0.0
0.0
0.0
0.0
0.0
0.0
0.0
0.0
0.0
0.0
0.0
0.0
0.0
0.0
0.0
0.0
0.0
0.0
0.0
0.0
0.0
0.0
0.0
0.0
0.0
0.0
0.0
0.0
14.113119929879376
0.0
0.0
0.0
0.0
0.0
0.0
0.0
0.0
0.0
0.0
0.0
0.0
0.0
0.0
0.0
0.0
0.0
0.0
0.0
0.0
0.0
0.0
0.0
0.0
13.95064599743173
0.0
0.0
0.0
0.0
0.0
0.0
0.0
0.0
0.0
0.0
0.0
0.0
13.618887574605337
0.0
0.0
0.0
0.0
0.0
0.0
0.0
0.0
0.0
0.0
0.0
0.0
0.0
0.0
0.0
0.0
0.0
13.953946864746305
0.0
0.0
0.0
0.0
0.0
0.0
0.0
0.0
13.837194249891795
0.0
0.0
0.0
0.0
0.0
0.0
0.0
0.0
0.0
0.0
0.0
0.0
0.0
0.0
0.0
0.0
0.0
0.0
0.0
0.0
0.0
0.0
0.0
0.0
0.0
0.0
0.0
0.0
0.0
0.0
0.0
0.0
0.0
0.0
0.0
0.0
0.0
0.0
0.0
13.940082368264251
0.0
0.0
0.0
0.0
0.0
0.0
0.0
0.0
0.0
0.0
0.0
0.0
0.0
0.0
0.0
0.0
0.0
0.0
0.0
0.0
0.0
0.0
0.0
0.0
0.0
0.0
0.0
0.0
14.03719456670597
0.0
0.0
0.0
0.0
0.0
0.0
0.0
0.0
0.0
0.0
0.0
0.0
0.0
0.0
0.0
0.0
0.0
0.0
0.0
13.469770561880647
0.0
0.0
0.0
0.0
0.0
0.0
13.771106492331796
0.0
0.0
0.0
0.0
0.0
0.0
0.0
0.0
0.0
0.0
0.0
0.0
0.0
0.0
0.0
0.0
0.0
0.0
0.0
0.0
0.0
0.0
0.0
0.0
13.906519999295016
0.0
0.0
0.0
0.0
0.0
0.0
0.0
0.0
0.0
0.0
0.0
0.0
0.0
0.0
0.0
0.0
0.0
0.0
0.0
0.0
0.0
0.0
0.0
0.0
0.0
0.0
0.0
0.0
0.0
0.0
14.031289540586078
0.0
0.0
0.0
13.377953283264144
0.0
0.0
0.0
0.0
0.0
0.0
0.0
0.0
0.0
0.0
0.0
0.0
0.0
0.0
0.0
13.85053532287802
0.0
0.0
0.0
0.0
0.0
0.0
0.0
0.0
0.0
0.0
0.0
0.0
0.0
0.0
0.0
0.0
13.852921342224152
13.331184045147495
0.0
0.0
0.0
0.0
0.0
0.0
0.0
0.0
0.0
0.0
0.0
0.0
13.998772571586011
0.0
0.0
0.0
0.0
0.0
0.0
0.0
0.0
0.0
0.0
0.0
0.0
0.0
0.0
0.0
0.0
0.0
0.0
0.0
0.0
0.0
13.639639447358554
0.0
0.0
0.0
0.0
0.0
0.0
0.0
0.0
0.0
0.0
0.0
0.0
0.0
0.0
0.0
0.0
0.0
0.0
0.0
0.0
0.0
0.0
0.0
0.0
0.0
0.0
0.0
0.0
0.0
0.0
0.0
0.0
0.0
0.0
0.0
0.0
0.0
0.0
0.0
0.0
14.07368709115005
0.0
0.0
0.0
0.0
0.0
0.0
0.0
0.0
13.868522035525043
0.0
0.0
0.0
0.0
0.0
0.0
0.0
0.0
0.0
0.0
0.0
0.0
0.0
0.0
0.0
0.0
0.0
0.0
0.0
0.0
0.0
0.0
0.0
0.0
0.0
0.0
0.0
0.0
0.0
0.0
0.0
0.0
0.0
0.0
0.0
0.0
0.0
0.0
0.0
0.0
0.0
0.0
0.0
0.0
0.0
0.0
0.0
13.799982438986975
0.0
0.0
0.0
0.0
0.0
0.0
0.0
0.0
0.0
0.0
0.0
0.0
0.0
0.0
14.076390955587689
0.0
0.0
0.0
0.0
0.0
0.0
14.06107321450424
0.0
0.0
0.0
0.0
0.0
0.0
0.0
0.0
0.0
0.0
0.0
13.912780525401317
0.0
13.899367173433186
0.0
0.0
0.0
13.886270204208454
0.0
0.0
0.0
0.0
0.0
0.0
0.0
0.0
0.0
0.0
0.0
0.0
0.0
0.0
0.0
0.0
0.0
0.0
0.0
0.0
0.0
0.0
0.0
0.0
0.0
0.0
0.0
0.0
0.0
0.0
0.0
0.0
0.0
0.0
0.0
0.0
0.0
0.0
0.0
13.88628910446864
0.0
0.0
0.0
0.0
0.0
0.0
0.0
0.0
0.0
0.0
0.0
0.0
0.0
0.0
0.0
0.0
0.0
0.0
0.0
0.0
0.0
0.0
0.0
0.0
0.0
0.0
0.0
0.0
0.0
0.0
0.0
0.0
0.0
0.0
0.0
0.0
0.0
0.0
0.0
0.0
0.0
0.0
0.0
0.0
0.0
0.0
0.0
0.0
0.0
13.781968377140045
0.0
0.0
0.0
0.0
0.0
0.0
0.0
0.0
13.972135826424793
0.0
0.0
0.0
0.0
0.0
0.0
0.0
0.0
0.0
0.0
0.0
0.0
0.0
13.916390941457491
0.0
0.0
0.0
0.0
0.0
0.0
0.0
0.0
0.0
0.0
0.0
0.0
0.0
0.0
0.0
0.0
0.0
0.0
0.0
0.0
0.0
0.0
13.850874403041784
0.0
0.0
14.068995176126045
0.0
0.0
0.0
0.0
0.0
0.0
0.0
13.323163824724743
0.0
0.0
0.0
0.0
13.859847722098838
14.030538473277966
13.822317780645033
0.0
0.0
0.0
0.0
0.0
0.0
0.0
0.0
0.0
0.0
0.0
0.0
0.0
0.0
0.0
0.0
0.0
0.0
0.0
0.0
13.725723828176493
0.0
0.0
0.0
0.0
0.0
0.0
0.0
0.0
0.0
14.063413880085657
0.0
0.0
0.0
0.0
0.0
0.0
0.0
0.0
0.0
0.0
0.0
0.0
0.0
0.0
0.0
0.0
0.0
0.0
13.974184554956679
0.0
13.974526715929489
0.0
0.0
0.0
0.0
0.0
13.948450695176316
0.0
0.0
0.0
0.0
0.0
0.0
0.0
0.0
0.0
0.0
14.094296633207371
13.93676700774915
0.0
0.0
0.0
0.0
0.0
0.0
0.0
0.0
0.0
0.0
0.0
0.0
13.441678821398327
0.0
14.041896189654198
0.0
0.0
0.0
0.0
0.0
0.0
0.0
0.0
0.0
0.0
0.0
0.0
0.0
0.0
0.0
0.0
0.0
0.0
0.0
0.0
0.0
0.0
0.0
13.832894058296898
13.891576305657129
0.0
0.0
0.0
0.0
0.0
0.0
0.0
0.0
0.0
0.0
0.0
0.0
0.0
0.0
0.0
0.0
0.0
0.0
0.0
13.967909236400047
0.0
0.0
0.0
0.0
0.0
0.0
0.0
0.0
0.0
14.122544188875276
0.0
0.0
0.0
0.0
0.0
0.0
0.0
0.0
0.0
0.0
0.0
0.0
0.0
0.0
0.0
0.0
0.0
0.0
0.0
0.0
0.0
0.0
0.0
0.0
0.0
0.0
0.0
0.0
0.0
0.0
0.0
0.0
14.01684112639979
0.0
0.0
0.0
0.0
0.0
0.0
0.0
0.0
0.0
0.0
0.0
0.0
0.0
0.0
0.0
14.097603985274406
0.0
0.0
0.0
0.0
0.0
0.0
0.0
0.0
0.0
0.0
0.0
0.0
0.0
0.0
0.0
14.013207447059399
0.0
0.0
0.0
0.0
0.0
0.0
0.0
0.0
0.0
0.0
0.0
0.0
0.0
0.0
0.0
0.0
0.0
0.0
13.95505275334558
0.0
0.0
0.0
0.0
0.0
13.978897941930937
0.0
0.0
0.0
0.0
0.0
0.0
0.0
0.0
0.0
0.0
0.0
0.0
0.0
0.0
0.0
0.0
0.0
0.0
0.0
0.0
0.0
0.0
0.0
0.0
0.0
0.0
0.0
0.0
0.0
0.0
0.0
13.537182114512136
0.0
0.0
0.0
0.0
0.0
0.0
0.0
0.0
0.0
0.0
0.0
0.0
0.0
0.0
0.0
0.0
0.0
0.0
0.0
13.875253263535836
0.0
0.0
0.0
0.0
13.232198804204378
0.0
0.0
0.0
0.0
0.0
0.0
0.0
0.0
0.0
0.0
0.0
0.0
0.0
0.0
0.0
0.0
0.0
0.0
0.0
0.0
0.0
0.0
0.0
0.0
0.0
0.0
0.0
0.0
0.0
0.0
0.0
0.0
0.0
0.0
0.0
0.0
14.069333148566654
0.0
0.0
0.0
0.0
0.0
0.0
0.0
13.67579075693866
0.0
0.0
0.0
0.0
0.0
0.0
0.0
0.0
0.0
0.0
0.0
0.0
0.0
0.0
0.0
0.0
0.0
0.0
13.882482513589295
0.0
0.0
0.0
0.0
0.0
0.0
0.0
0.0
0.0
0.0
13.231130262358237
0.0
0.0
0.0
0.0
0.0
0.0
0.0
0.0
0.0
0.0
0.0
0.0
0.0
0.0
0.0
0.0
0.0
0.0
0.0
0.0
0.0
0.0
0.0
0.0
0.0
0.0
0.0
13.844876951264949
0.0
0.0
0.0
0.0
0.0
0.0
13.363332272687714
0.0
0.0
0.0
0.0
0.0
0.0
0.0
0.0
0.0
0.0
13.891104259644436
0.0
0.0
0.0
0.0
0.0
0.0
0.0
0.0
13.977971491800563
0.0
0.0
0.0
0.0
0.0
0.0
0.0
0.0
0.0
0.0
0.0
0.0
13.901878260793762
0.0
0.0
0.0
0.0
0.0
0.0
0.0
0.0
0.0
0.0
0.0
0.0
0.0
0.0
0.0
0.0
0.0
0.0
0.0
0.0
0.0
0.0
0.0
0.0
0.0
0.0
0.0
0.0
0.0
0.0
0.0
0.0
0.0
0.0
0.0
0.0
0.0
0.0
0.0
0.0
0.0
0.0
0.0
14.021874355469373
0.0
0.0
0.0
0.0
0.0
0.0
0.0
0.0
0.0
13.983344795988515
0.0
0.0
0.0
0.0
0.0
0.0
0.0
0.0
0.0
0.0
0.0
0.0
0.0
0.0
0.0
0.0
0.0
14.06729825805455
0.0
0.0
0.0
13.59727850645651
0.0
0.0
0.0
0.0
0.0
0.0
0.0
0.0
0.0
0.0
0.0
0.0
0.0
0.0
0.0
0.0
0.0
0.0
0.0
0.0
0.0
0.0
0.0
0.0
0.0
0.0
0.0
0.0
0.0
0.0
0.0
0.0
0.0
0.0
0.0
0.0
0.0
13.468784934791199
0.0
0.0
0.0
0.0
0.0
14.062513205895815
0.0
0.0
0.0
0.0
14.035445879410135
0.0
0.0
0.0
0.0
0.0
0.0
14.028752844547288
0.0
0.0
0.0
0.0
0.0
0.0
0.0
0.0
0.0
0.0
0.0
0.0
0.0
0.0
0.0
13.737692347942946
0.0
0.0
13.882456590050582
13.854717041874268
0.0
0.0
0.0
0.0
0.0
0.0
0.0
0.0
0.0
0.0
0.0
0.0
0.0
0.0
0.0
0.0
0.0
0.0
0.0
0.0
0.0
0.0
13.366453801613163
0.0
13.87163240439054
0.0
0.0
0.0
0.0
0.0
0.0
0.0
0.0
0.0
0.0
0.0
0.0
0.0
0.0
0.0
0.0
0.0
0.0
0.0
0.0
0.0
0.0
0.0
0.0
0.0
0.0
0.0
0.0
0.0
0.0
0.0
0.0
0.0
0.0
0.0
0.0
0.0
0.0
0.0
0.0
0.0
0.0
0.0
0.0
13.37030361204468
0.0
0.0
0.0
0.0
0.0
0.0
0.0
0.0
0.0
0.0
0.0
0.0
0.0
0.0
0.0
0.0
0.0
0.0
0.0
0.0
0.0
0.0
0.0
0.0
0.0
0.0
0.0
0.0
0.0
0.0
0.0
0.0
0.0
0.0
0.0
0.0
0.0
13.677818640919785
0.0
0.0
0.0
0.0
0.0
0.0
0.0
0.0
0.0
0.0
0.0
0.0
0.0
13.304943027731975
0.0
0.0
0.0
0.0
0.0
13.831670372429485
0.0
0.0
0.0
0.0
0.0
0.0
0.0
0.0
0.0
0.0
0.0
0.0
0.0
0.0
0.0
0.0
13.4470807366902
13.894469475907092
13.299749094240642
0.0
0.0
0.0
13.289259808026262
0.0
0.0
0.0
0.0
0.0
0.0
0.0
0.0
0.0
0.0
14.056038044127318
0.0
0.0
0.0
0.0
0.0
0.0
0.0
0.0
0.0
0.0
0.0
0.0
0.0
13.972514184566768
14.066159294195844
0.0
0.0
0.0
0.0
0.0
0.0
0.0
0.0
0.0
0.0
0.0
0.0
0.0
0.0
0.0
0.0
0.0
13.569981533275072
0.0
0.0
14.028228895653282
0.0
0.0
0.0
0.0
0.0
0.0
13.728466152995592
0.0
13.89252469842821
0.0
0.0
0.0
0.0
0.0
0.0
0.0
0.0
0.0
0.0
0.0
0.0
0.0
0.0
0.0
0.0
0.0
0.0
0.0
0.0
0.0
0.0
13.919684889433496
0.0
0.0
0.0
13.89851268321877
0.0
0.0
0.0
0.0
0.0
0.0
0.0
0.0
13.91574410309516
0.0
0.0
0.0
0.0
14.028730601171022
0.0
0.0
0.0
0.0
0.0
0.0
0.0
13.948922670086466
0.0
0.0
0.0
0.0
0.0
0.0
0.0
13.857514759727495
0.0
0.0
0.0
0.0
13.80231823156065
0.0
0.0
0.0
0.0
0.0
0.0
13.888657107443715
0.0
0.0
0.0
0.0
0.0
0.0
0.0
0.0
13.92399163251085
0.0
0.0
0.0
0.0
0.0
0.0
0.0
0.0
0.0
0.0
0.0
0.0
0.0
0.0
0.0
0.0
0.0
0.0
0.0
0.0
0.0
0.0
0.0
0.0
0.0
0.0
0.0
0.0
0.0
0.0
0.0
13.996844749005948
0.0
0.0
0.0
0.0
13.970865185382989
0.0
0.0
13.439838578151317
0.0
0.0
0.0
13.349788377605135
0.0
0.0
0.0
0.0
0.0
0.0
0.0
0.0
0.0
0.0
0.0
0.0
14.04051187533766
0.0
0.0
0.0
0.0
0.0
0.0
0.0
13.757573472396018
0.0
0.0
0.0
0.0
0.0
0.0
0.0
0.0
0.0
14.11134502960752
0.0
13.94863873276484
13.921758177262232
0.0
0.0
13.819810914550782
0.0
0.0
0.0
13.825547500380459
0.0
0.0
13.904522481517752
0.0
0.0
13.971945201797707
0.0
0.0
0.0
0.0
0.0
0.0
0.0
0.0
0.0
0.0
0.0
0.0
0.0
0.0
13.845986909872373
0.0
0.0
13.939048347883018
0.0
13.717948631364123
0.0
0.0
0.0
0.0
0.0
0.0
0.0
0.0
0.0
0.0
0.0
0.0
0.0
0.0
0.0
0.0
0.0
0.0
0.0
0.0
13.811986483958664
0.0
0.0
0.0
0.0
0.0
0.0
0.0
0.0
0.0
0.0
0.0
0.0
0.0
0.0
0.0
0.0
0.0
0.0
0.0
0.0
14.047261605326332
14.078458725154633
0.0
0.0
0.0
0.0
0.0
0.0
0.0
0.0
0.0
0.0
14.103016972998
0.0
0.0
0.0
0.0
0.0
13.468442579952649
0.0
0.0
0.0
0.0
0.0
0.0
0.0
12.859955515909515
0.0
0.0
0.0
0.0
0.0
0.0
0.0
0.0
0.0
14.066310384570983
0.0
0.0
0.0
0.0
0.0
0.0
14.077294994019201
0.0
0.0
0.0
0.0
0.0
0.0
0.0
0.0
0.0
0.0
0.0
0.0
0.0
0.0
0.0
0.0
0.0
0.0
0.0
0.0
0.0
0.0
0.0
0.0
0.0
14.051465158692093
0.0
0.0
0.0
0.0
0.0
0.0
0.0
0.0
0.0
0.0
0.0
13.78917537945852
0.0
0.0
0.0
0.0
0.0
0.0
13.724705537037838
14.02362827610283
0.0
0.0
0.0
0.0
0.0
0.0
0.0
0.0
13.72086453458107
0.0
0.0
0.0
0.0
0.0
13.6533431539435
0.0
0.0
0.0
0.0
0.0
0.0
0.0
0.0
0.0
0.0
0.0
0.0
0.0
0.0
13.932826164012544
0.0
0.0
0.0
0.0
0.0
0.0
13.787033581491928
0.0
0.0
0.0
0.0
0.0
0.0
0.0
0.0
0.0
0.0
0.0
0.0
0.0
0.0
0.0
0.0
0.0
0.0
0.0
0.0
0.0
0.0
0.0
13.968395543768809
0.0
0.0
0.0
0.0
0.0
0.0
0.0
14.108309662640718
0.0
0.0
0.0
0.0
0.0
0.0
0.0
0.0
0.0
0.0
0.0
0.0
0.0
0.0
0.0
0.0
0.0
0.0
0.0
13.538074862477048
0.0
0.0
0.0
0.0
0.0
0.0
0.0
0.0
0.0
0.0
0.0
0.0
0.0
0.0
0.0
0.0
0.0
0.0
0.0
0.0
0.0
0.0
0.0
0.0
0.0
0.0
0.0
0.0
0.0
0.0
0.0
0.0
0.0
0.0
0.0
0.0
13.927596420743201
0.0
0.0
0.0
13.578181786718895
0.0
0.0
0.0
0.0
0.0
0.0
0.0
0.0
0.0
0.0
0.0
0.0
0.0
0.0
0.0
0.0
0.0
0.0
0.0
0.0
0.0
0.0
0.0
0.0
0.0
0.0
0.0
0.0
0.0
0.0
0.0
14.100226473139287
0.0
0.0
0.0
0.0
0.0
0.0
0.0
0.0
0.0
0.0
0.0
0.0
0.0
0.0
0.0
13.777493110272758
0.0
0.0
0.0
0.0
0.0
0.0
0.0
0.0
0.0
0.0
0.0
0.0
0.0
0.0
0.0
0.0
0.0
0.0
0.0
0.0
0.0
13.739892697020284
0.0
0.0
0.0
13.854963896191688
0.0
0.0
0.0
0.0
0.0
0.0
0.0
0.0
0.0
0.0
0.0
13.962645690987554
0.0
0.0
0.0
0.0
0.0
14.079780864268248
0.0
13.76967441354303
13.231207019976152
0.0
0.0
0.0
0.0
0.0
0.0
0.0
0.0
0.0
0.0
13.975633349452782
0.0
0.0
0.0
0.0
14.129065061376817
0.0
0.0
0.0
0.0
0.0
0.0
0.0
0.0
0.0
0.0
0.0
0.0
0.0
0.0
0.0
13.809942959058398
14.108743056620858
0.0
0.0
0.0
0.0
0.0
0.0
13.847678387735117
0.0
0.0
13.759256901924946
0.0
0.0
0.0
0.0
0.0
0.0
0.0
0.0
0.0
0.0
0.0
0.0
13.749546320831449
0.0
0.0
0.0
0.0
0.0
0.0
0.0
0.0
0.0
0.0
0.0
14.092638949644902
0.0
0.0
0.0
0.0
0.0
0.0
0.0
0.0
0.0
0.0
0.0
0.0
0.0
0.0
0.0
0.0
0.0
0.0
0.0
0.0
0.0
0.0
0.0
0.0
14.123004420997821
0.0
0.0
0.0
0.0
0.0
0.0
0.0
0.0
0.0
0.0
0.0
0.0
14.10542057293269
0.0
0.0
0.0
0.0
0.0
0.0
0.0
0.0
0.0
0.0
0.0
0.0
0.0
0.0
13.974761288296229
0.0
0.0
0.0
0.0
0.0
0.0
0.0
0.0
0.0
0.0
0.0
0.0
0.0
0.0
0.0
0.0
13.486630714411275
0.0
13.676931447252548
0.0
0.0
0.0
13.757919575651025
14.055424686416774
0.0
0.0
0.0
0.0
0.0
0.0
0.0
0.0
0.0
0.0
0.0
0.0
0.0
0.0
0.0
0.0
0.0
0.0
0.0
0.0
0.0
0.0
0.0
0.0
0.0
0.0
14.076125481943759
0.0
0.0
0.0
0.0
0.0
0.0
0.0
0.0
0.0
0.0
0.0
0.0
0.0
0.0
0.0
0.0
0.0
0.0
0.0
0.0
0.0
0.0
0.0
0.0
0.0
0.0
0.0
0.0
0.0
0.0
0.0
0.0
0.0
0.0
0.0
0.0
0.0
13.14474542607666
0.0
0.0
0.0
0.0
0.0
0.0
0.0
0.0
13.972740518113206
0.0
0.0
13.709670318113254
0.0
13.718870754580655
0.0
0.0
13.969782581826852
0.0
0.0
0.0
0.0
0.0
0.0
13.692443038086662
13.869840131773726
0.0
0.0
0.0
0.0
14.01133737086684
0.0
0.0
0.0
0.0
0.0
0.0
0.0
0.0
0.0
0.0
0.0
0.0
0.0
0.0
0.0
0.0
0.0
0.0
0.0
0.0
0.0
0.0
0.0
13.441716734288757
0.0
0.0
0.0
0.0
0.0
0.0
0.0
0.0
0.0
0.0
0.0
0.0
0.0
0.0
0.0
13.889035108403226
0.0
0.0
0.0
0.0
0.0
0.0
0.0
0.0
0.0
0.0
0.0
0.0
0.0
0.0
0.0
0.0
0.0
0.0
0.0
0.0
13.790473898091085
13.794843979599111
0.0
0.0
0.0
0.0
0.0
0.0
0.0
0.0
0.0
0.0
0.0
13.697223831850751
0.0
13.938688998030434
0.0
0.0
0.0
0.0
0.0
0.0
0.0
13.968655522164882
0.0
0.0
0.0
0.0
0.0
0.0
0.0
0.0
0.0
0.0
0.0
0.0
0.0
0.0
0.0
0.0
0.0
0.0
0.0
0.0
0.0
0.0
0.0
0.0
0.0
0.0
13.835602583709207
14.021572656236046
0.0
0.0
0.0
0.0
13.789329125346915
14.015527560956011
0.0
0.0
0.0
0.0
0.0
0.0
0.0
0.0
0.0
0.0
0.0
0.0
0.0
0.0
0.0
0.0
0.0
0.0
0.0
0.0
0.0
0.0
0.0
0.0
14.067367376315737
0.0
0.0
13.940392158237001
0.0
0.0
0.0
0.0
0.0
0.0
0.0
0.0
0.0
13.891504413421849
13.958338290890165
0.0
0.0
13.600581195690564
0.0
0.0
0.0
0.0
0.0
0.0
0.0
0.0
0.0
0.0
0.0
13.856294007216215
0.0
0.0
0.0
0.0
0.0
13.941741168942727
0.0
0.0
0.0
0.0
0.0
13.896133910660685
0.0
0.0
0.0
0.0
0.0
0.0
0.0
0.0
0.0
0.0
0.0
0.0
0.0
0.0
0.0
0.0
0.0
0.0
13.94283424874791
0.0
0.0
0.0
0.0
0.0
0.0
0.0
0.0
0.0
0.0
0.0
13.722090644803622
0.0
0.0
0.0
0.0
0.0
0.0
0.0
0.0
0.0
0.0
0.0
0.0
14.03778065218466
13.800457411948596
0.0
0.0
0.0
0.0
0.0
0.0
0.0
0.0
0.0
0.0
0.0
0.0
13.888022977710381
0.0
0.0
0.0
0.0
0.0
0.0
0.0
13.869893846569429
0.0
0.0
0.0
0.0
0.0
0.0
0.0
0.0
0.0
0.0
0.0
0.0
0.0
0.0
0.0
0.0
0.0
0.0
0.0
0.0
0.0
0.0
0.0
0.0
0.0
0.0
0.0
0.0
0.0
0.0
0.0
0.0
0.0
0.0
0.0
0.0
13.933114839448375
0.0
0.0
0.0
0.0
0.0
0.0
0.0
0.0
0.0
0.0
0.0
0.0
0.0
0.0
0.0
0.0
0.0
0.0
0.0
0.0
0.0
0.0
0.0
0.0
0.0
0.0
0.0
0.0
0.0
13.530553814768568
0.0
13.860399717050086
0.0
13.88683672605146
0.0
0.0
0.0
0.0
0.0
0.0
0.0
14.074779708300442
14.067030988101482
0.0
0.0
0.0
0.0
0.0
0.0
0.0
0.0
0.0
0.0
0.0
0.0
0.0
13.648546308770005
0.0
0.0
0.0
0.0
0.0
0.0
14.067179848844413
0.0
0.0
0.0
0.0
14.113637876228124
0.0
0.0
0.0
0.0
0.0
0.0
0.0
0.0
0.0
13.35265898701039
0.0
0.0
0.0
13.774609100097734
0.0
0.0
0.0
0.0
0.0
0.0
0.0
0.0
0.0
0.0
0.0
0.0
0.0
0.0
0.0
13.936372515046253
0.0
0.0
0.0
0.0
13.99442533600245
0.0
0.0
0.0
0.0
0.0
0.0
0.0
0.0
0.0
0.0
0.0
13.364217326635119
0.0
0.0
0.0
0.0
0.0
0.0
0.0
0.0
0.0
0.0
0.0
0.0
0.0
0.0
0.0
13.949564684429228
0.0
0.0
0.0
13.92669408677296
0.0
0.0
0.0
0.0
0.0
0.0
0.0
0.0
0.0
0.0
0.0
0.0
0.0
0.0
0.0
13.991686425675223
0.0
0.0
0.0
0.0
0.0
0.0
0.0
0.0
0.0
0.0
0.0
0.0
13.447480493097016
0.0
0.0
0.0
13.635758568627317
0.0
0.0
0.0
0.0
0.0
0.0
0.0
0.0
0.0
0.0
0.0
13.334229946032858
0.0
13.82840642224395
0.0
0.0
0.0
0.0
0.0
0.0
0.0
0.0
0.0
0.0
13.998580164509416
0.0
0.0
0.0
0.0
0.0
0.0
0.0
0.0
13.782094450200303
0.0
0.0
0.0
14.024118639793416
0.0
0.0
0.0
0.0
0.0
0.0
0.0
0.0
0.0
0.0
0.0
0.0
0.0
0.0
0.0
13.859135593703805
13.888943778638648
0.0
0.0
0.0
0.0
0.0
0.0
0.0
0.0
13.924835735370815
0.0
0.0
0.0
0.0
0.0
0.0
0.0
0.0
0.0
0.0
0.0
0.0
0.0
0.0
0.0
0.0
0.0
0.0
0.0
0.0
0.0
0.0
0.0
0.0
14.109783096986128
0.0
0.0
0.0
0.0
0.0
0.0
0.0
0.0
0.0
0.0
0.0
0.0
0.0
0.0
0.0
13.920912620994036
13.779425824394787
0.0
0.0
0.0
14.050603491501997
0.0
13.820250174811203
0.0
0.0
0.0
0.0
13.664966030063248
0.0
0.0
0.0
0.0
0.0
0.0
0.0
0.0
0.0
0.0
0.0
0.0
0.0
13.759639625950678
0.0
0.0
0.0
0.0
0.0
0.0
0.0
0.0
0.0
0.0
0.0
0.0
0.0
0.0
0.0
0.0
13.777133852692756
0.0
0.0
0.0
0.0
0.0
0.0
0.0
0.0
0.0
13.785553163229471
0.0
0.0
0.0
0.0
0.0
0.0
0.0
0.0
0.0
0.0
0.0
0.0
0.0
0.0
0.0
0.0
0.0
0.0
0.0
0.0
0.0
0.0
0.0
0.0
0.0
0.0
0.0
0.0
0.0
0.0
0.0
0.0
0.0
0.0
0.0
0.0
0.0
0.0
0.0
0.0
0.0
0.0
0.0
0.0
0.0
0.0
0.0
0.0
0.0
0.0
0.0
0.0
0.0
0.0
0.0
0.0
0.0
0.0
0.0
0.0
0.0
0.0
0.0
0.0
0.0
0.0
0.0
0.0
0.0
0.0
0.0
0.0
0.0
0.0
0.0
0.0
0.0
0.0
0.0
0.0
0.0
0.0
0.0
0.0
0.0
0.0
14.08232362673968
0.0
0.0
0.0
0.0
0.0
0.0
0.0
0.0
0.0
0.0
0.0
0.0
0.0
0.0
0.0
13.912110789626915
0.0
0.0
0.0
0.0
0.0
0.0
0.0
0.0
0.0
0.0
0.0
13.888981652038655
0.0
0.0
0.0
0.0
0.0
13.393986375328705
0.0
0.0
0.0
13.798363449704446
0.0
0.0
0.0
0.0
0.0
0.0
0.0
0.0
0.0
0.0
0.0
0.0
0.0
0.0
0.0
0.0
0.0
0.0
0.0
0.0
0.0
0.0
0.0
0.0
0.0
0.0
0.0
0.0
0.0
0.0
0.0
0.0
0.0
0.0
0.0
0.0
0.0
0.0
0.0
0.0
0.0
0.0
0.0
0.0
0.0
0.0
0.0
0.0
0.0
0.0
0.0
0.0
0.0
0.0
0.0
0.0
0.0
0.0
0.0
0.0
0.0
0.0
0.0
0.0
0.0
14.016439341830592
0.0
0.0
0.0
0.0
0.0
0.0
0.0
0.0
0.0
0.0
0.0
0.0
0.0
0.0
0.0
0.0
0.0
0.0
0.0
0.0
0.0
0.0
0.0
0.0
0.0
0.0
0.0
0.0
0.0
0.0
0.0
0.0
0.0
0.0
13.304122823015103
0.0
0.0
0.0
0.0
13.264457992949128
0.0
0.0
0.0
0.0
0.0
0.0
0.0
0.0
0.0
0.0
0.0
0.0
0.0
0.0
0.0
0.0
0.0
0.0
0.0
0.0
0.0
0.0
0.0
0.0
0.0
0.0
0.0
0.0
0.0
0.0
0.0
13.367301251938539
0.0
0.0
13.513718886849748
13.772697401336545
0.0
0.0
0.0
0.0
0.0
0.0
0.0
0.0
0.0
13.99192420534008
0.0
0.0
0.0
0.0
0.0
0.0
0.0
0.0
0.0
0.0
0.0
0.0
13.769360977325949
0.0
0.0
0.0
0.0
0.0
0.0
0.0
0.0
0.0
0.0
0.0
0.0
0.0
0.0
0.0
0.0
0.0
0.0
0.0
0.0
0.0
0.0
0.0
0.0
0.0
0.0
0.0
0.0
14.04166853267471
0.0
0.0
0.0
0.0
0.0
0.0
0.0
0.0
0.0
0.0
0.0
0.0
0.0
0.0
0.0
0.0
0.0
0.0
0.0
13.696025825376077
0.0
0.0
13.964081191217833
0.0
13.856921970333481
0.0
0.0
0.0
0.0
0.0
0.0
0.0
0.0
0.0
0.0
0.0
0.0
0.0
0.0
0.0
0.0
0.0
0.0
0.0
0.0
0.0
13.822998091287507
0.0
0.0
0.0
0.0
0.0
0.0
0.0
0.0
0.0
0.0
0.0
0.0
0.0
0.0
0.0
0.0
0.0
0.0
0.0
0.0
0.0
0.0
0.0
0.0
0.0
0.0
0.0
0.0
0.0
0.0
0.0
0.0
0.0
14.07123748986806
0.0
0.0
0.0
0.0
13.249715438518106
0.0
0.0
0.0
0.0
0.0
0.0
14.070405942709879
0.0
0.0
0.0
0.0
0.0
0.0
0.0
0.0
0.0
0.0
0.0
0.0
0.0
0.0
0.0
0.0
0.0
0.0
0.0
0.0
0.0
0.0
0.0
0.0
14.12564624926632
0.0
0.0
0.0
0.0
0.0
0.0
0.0
13.936323662087704
0.0
0.0
0.0
0.0
0.0
0.0
0.0
0.0
0.0
0.0
0.0
0.0
0.0
0.0
0.0
0.0
0.0
0.0
0.0
0.0
0.0
0.0
0.0
0.0
0.0
0.0
0.0
14.047011691191667
13.988727465647125
0.0
0.0
0.0
0.0
0.0
0.0
13.854799531658552
0.0
0.0
0.0
0.0
0.0
0.0
0.0
0.0
13.250822288354797
0.0
0.0
13.68578940442345
0.0
0.0
13.95666363772522
0.0
0.0
0.0
0.0
0.0
0.0
0.0
0.0
0.0
0.0
0.0
0.0
0.0
0.0
13.676424088801728
0.0
0.0
0.0
0.0
0.0
0.0
0.0
0.0
0.0
0.0
0.0
0.0
0.0
13.9188120854648
13.742964860858217
0.0
0.0
0.0
0.0
0.0
13.66191070565893
0.0
0.0
0.0
0.0
0.0
0.0
0.0
0.0
0.0
0.0
0.0
0.0
0.0
0.0
0.0
0.0
13.880671594629696
0.0
0.0
0.0
0.0
0.0
13.754887118045342
0.0
0.0
0.0
0.0
0.0
0.0
0.0
0.0
0.0
0.0
0.0
0.0
0.0
0.0
0.0
0.0
0.0
0.0
0.0
0.0
0.0
0.0
0.0
0.0
0.0
0.0
0.0
0.0
0.0
0.0
0.0
0.0
0.0
0.0
0.0
13.734843866791435
13.969261621978465
0.0
14.042385961666234
0.0
0.0
13.845184832190899
0.0
0.0
0.0
13.890801907845665
13.976391000632647
13.887397639136971
0.0
0.0
0.0
13.81032640329183
0.0
0.0
0.0
0.0
0.0
0.0
0.0
14.114124958510304
0.0
0.0
0.0
0.0
14.033164556109018
0.0
0.0
0.0
0.0
0.0
14.028569457920101
0.0
0.0
14.027640135498988
14.04343577546006
0.0
0.0
0.0
0.0
0.0
0.0
0.0
0.0
0.0
0.0
0.0
0.0
0.0
0.0
0.0
0.0
0.0
0.0
0.0
0.0
0.0
0.0
0.0
0.0
0.0
0.0
0.0
0.0
0.0
13.931237909604588
0.0
0.0
0.0
13.835738913918375
0.0
0.0
0.0
0.0
0.0
0.0
0.0
0.0
0.0
13.968544650090184
0.0
0.0
0.0
0.0
14.014563787970097
0.0
0.0
0.0
14.112669049758122
0.0
0.0
0.0
0.0
0.0
0.0
0.0
13.539532208214071
0.0
0.0
0.0
0.0
0.0
0.0
0.0
0.0
0.0
0.0
0.0
14.005626930140792
0.0
0.0
0.0
0.0
0.0
0.0
0.0
0.0
0.0
0.0
0.0
0.0
0.0
0.0
0.0
0.0
0.0
0.0
0.0
0.0
0.0
0.0
0.0
0.0
0.0
0.0
0.0
0.0
0.0
0.0
0.0
0.0
0.0
0.0
0.0
0.0
0.0
0.0
0.0
0.0
14.035488154177756
0.0
0.0
0.0
0.0
0.0
0.0
0.0
0.0
0.0
0.0
13.95794784875963
0.0
0.0
0.0
0.0
13.756878056760057
0.0
0.0
0.0
0.0
0.0
0.0
0.0
0.0
0.0
0.0
13.756031796045328
0.0
0.0
13.818117978356828
0.0
0.0
0.0
0.0
0.0
0.0
0.0
0.0
0.0
0.0
13.932670717354828
0.0
0.0
0.0
0.0
13.91240323409033
0.0
0.0
0.0
0.0
0.0
13.854805892935806
0.0
0.0
0.0
0.0
0.0
0.0
0.0
0.0
0.0
0.0
0.0
0.0
13.84842408197208
0.0
0.0
0.0
0.0
0.0
0.0
0.0
0.0
0.0
0.0
0.0
0.0
0.0
14.079859823520348
0.0
0.0
0.0
13.920348189857776
0.0
0.0
0.0
0.0
0.0
0.0
13.808209241297225
0.0
13.82750703094509
0.0
0.0
0.0
0.0
0.0
0.0
0.0
0.0
0.0
0.0
0.0
0.0
0.0
0.0
0.0
0.0
0.0
0.0
0.0
0.0
0.0
0.0
0.0
0.0
13.65251080443487
0.0
0.0
0.0
0.0
0.0
0.0
0.0
0.0
0.0
0.0
0.0
0.0
0.0
0.0
0.0
0.0
0.0
0.0
0.0
0.0
0.0
0.0
0.0
0.0
0.0
0.0
0.0
0.0
0.0
14.008770133878162
0.0
0.0
0.0
0.0
0.0
0.0
0.0
0.0
0.0
0.0
0.0
0.0
0.0
0.0
0.0
0.0
0.0
0.0
0.0
0.0
0.0
0.0
0.0
0.0
0.0
0.0
0.0
0.0
0.0
0.0
0.0
0.0
0.0
0.0
0.0
0.0
0.0
0.0
0.0
0.0
13.884190434179835
0.0
0.0
0.0
0.0
0.0
0.0
0.0
0.0
14.063066521464044
0.0
0.0
0.0
0.0
0.0
0.0
0.0
0.0
0.0
0.0
0.0
0.0
13.412901306273037
0.0
0.0
0.0
0.0
0.0
0.0
0.0
0.0
0.0
0.0
0.0
0.0
0.0
0.0
0.0
0.0
0.0
0.0
0.0
0.0
0.0
0.0
0.0
0.0
0.0
0.0
0.0
0.0
0.0
0.0
0.0
0.0
0.0
0.0
0.0
0.0
0.0
0.0
0.0
14.003824238985567
0.0
0.0
0.0
0.0
13.90710858582568
0.0
0.0
0.0
0.0
0.0
0.0
0.0
0.0
0.0
0.0
0.0
0.0
0.0
0.0
0.0
0.0
0.0
0.0
0.0
0.0
0.0
0.0
0.0
0.0
0.0
0.0
0.0
0.0
0.0
0.0
0.0
0.0
0.0
0.0
14.046372078057844
0.0
0.0
0.0
0.0
0.0
0.0
0.0
0.0
0.0
0.0
0.0
0.0
0.0
0.0
0.0
0.0
0.0
0.0
0.0
0.0
0.0
13.955468050349124
0.0
13.37827378585289
0.0
0.0
0.0
13.855017353881198
0.0
0.0
0.0
0.0
0.0
0.0
0.0
0.0
0.0
0.0
0.0
0.0
0.0
13.948815141579999
0.0
0.0
0.0
0.0
0.0
0.0
0.0
0.0
0.0
0.0
0.0
0.0
14.088618877202007
0.0
0.0
0.0
0.0
0.0
13.417098121998553
14.005079504258322
0.0
0.0
0.0
0.0
0.0
0.0
0.0
0.0
0.0
0.0
0.0
0.0
14.086103598509393
13.806717415336768
0.0
0.0
0.0
0.0
0.0
0.0
13.980942091751341
0.0
0.0
13.762906053308974
0.0
0.0
0.0
0.0
0.0
0.0
0.0
0.0
0.0
13.876447938485041
0.0
0.0
0.0
0.0
0.0
0.0
0.0
0.0
0.0
0.0
0.0
14.068468551613847
0.0
0.0
0.0
0.0
0.0
0.0
0.0
0.0
14.046426753484448
0.0
0.0
0.0
0.0
0.0
0.0
0.0
0.0
0.0
13.895170478287413
0.0
0.0
0.0
0.0
0.0
0.0
0.0
0.0
0.0
0.0
0.0
0.0
0.0
0.0
0.0
0.0
0.0
0.0
0.0
0.0
0.0
0.0
0.0
0.0
0.0
0.0
0.0
0.0
0.0
0.0
0.0
0.0
0.0
0.0
0.0
0.0
0.0
0.0
0.0
0.0
0.0
0.0
0.0
0.0
0.0
0.0
0.0
0.0
0.0
0.0
0.0
0.0
0.0
0.0
13.8879458762486
0.0
0.0
0.0
0.0
0.0
0.0
0.0
0.0
0.0
0.0
0.0
13.877563375844122
0.0
0.0
0.0
0.0
0.0
13.97018940273891
0.0
0.0
0.0
14.012526451057246
0.0
0.0
0.0
0.0
0.0
0.0
0.0
0.0
13.568299762950799
0.0
13.410095418008297
0.0
0.0
13.662865447683531
0.0
0.0
0.0
0.0
0.0
0.0
0.0
0.0
0.0
0.0
0.0
0.0
0.0
0.0
13.705236304739469
0.0
0.0
14.05955706352429
0.0
0.0
0.0
0.0
0.0
0.0
0.0
14.097071820401585
0.0
0.0
0.0
0.0
0.0
0.0
0.0
0.0
0.0
0.0
0.0
0.0
0.0
0.0
0.0
0.0
0.0
13.60477089745388
0.0
0.0
0.0
0.0
0.0
0.0
0.0
0.0
0.0
0.0
0.0
0.0
13.901527032409655
0.0
0.0
0.0
0.0
13.993096687171624
0.0
0.0
0.0
0.0
0.0
0.0
0.0
0.0
0.0
0.0
0.0
0.0
0.0
0.0
0.0
0.0
13.187738278681364
0.0
0.0
0.0
0.0
0.0
0.0
0.0
0.0
0.0
0.0
0.0
13.90633272690508
0.0
0.0
0.0
0.0
0.0
0.0
0.0
0.0
0.0
0.0
0.0
13.236114241471123
0.0
14.09950159251366
0.0
0.0
0.0
0.0
0.0
0.0
0.0
0.0
0.0
0.0
0.0
0.0
0.0
0.0
0.0
0.0
0.0
13.952475629399862
0.0
13.613693674105605
0.0
0.0
0.0
13.771920691139062
0.0
0.0
0.0
0.0
0.0
13.545347676208085
0.0
0.0
0.0
0.0
0.0
0.0
0.0
0.0
0.0
0.0
0.0
0.0
0.0
0.0
0.0
0.0
0.0
0.0
13.424814769123653
0.0
0.0
0.0
0.0
0.0
13.705352846408038
0.0
0.0
0.0
0.0
0.0
0.0
0.0
0.0
0.0
0.0
0.0
0.0
14.090574196859754
0.0
0.0
0.0
0.0
0.0
13.96348465529315
0.0
0.0
0.0
0.0
0.0
0.0
0.0
0.0
0.0
0.0
0.0
0.0
0.0
0.0
14.083164119135809
0.0
0.0
13.957334181899745
0.0
0.0
0.0
0.0
0.0
0.0
0.0
0.0
13.518006473304691
0.0
0.0
0.0
0.0
0.0
0.0
0.0
0.0
0.0
0.0
0.0
0.0
0.0
0.0
0.0
0.0
0.0
0.0
0.0
0.0
0.0
0.0
0.0
0.0
0.0
0.0
14.080523247825502
0.0
0.0
0.0
0.0
0.0
13.961003975684136
0.0
0.0
0.0
0.0
13.890955296519964
0.0
0.0
0.0
0.0
0.0
0.0
0.0
0.0
0.0
0.0
13.853786760849305
0.0
0.0
0.0
0.0
0.0
0.0
13.927343185105803
0.0
0.0
0.0
0.0
0.0
13.763966492991088
0.0
0.0
0.0
0.0
0.0
0.0
0.0
0.0
0.0
0.0
0.0
0.0
0.0
0.0
0.0
0.0
0.0
0.0
0.0
0.0
0.0
0.0
14.06130214277989
0.0
0.0
0.0
0.0
0.0
0.0
0.0
0.0
0.0
0.0
0.0
0.0
0.0
0.0
13.727296019590666
0.0
0.0
0.0
0.0
0.0
0.0
0.0
0.0
0.0
0.0
0.0
0.0
0.0
0.0
0.0
0.0
0.0
0.0
0.0
0.0
0.0
0.0
0.0
14.105793630732887
0.0
13.957944457115534
0.0
0.0
0.0
0.0
0.0
0.0
0.0
0.0
0.0
13.882030446251926
0.0
0.0
0.0
0.0
0.0
0.0
0.0
0.0
0.0
0.0
0.0
0.0
0.0
14.085904868734685
0.0
0.0
0.0
0.0
0.0
13.37827197096453
13.36333831290119
0.0
0.0
13.936911968888245
0.0
0.0
0.0
0.0
0.0
13.982938652461842
0.0
0.0
0.0
0.0
0.0
0.0
14.050553872544036
0.0
0.0
0.0
0.0
13.921099115996869
0.0
0.0
0.0
0.0
0.0
0.0
14.018466601420391
0.0
0.0
13.877775423564069
14.017137207015745
0.0
0.0
0.0
0.0
0.0
13.984702666115561
0.0
0.0
0.0
0.0
0.0
0.0
0.0
13.885113818009701
0.0
0.0
0.0
0.0
0.0
0.0
0.0
0.0
0.0
0.0
0.0
0.0
0.0
0.0
0.0
0.0
0.0
0.0
0.0
0.0
0.0
0.0
0.0
0.0
0.0
0.0
0.0
0.0
0.0
0.0
13.93475420411753
13.981388737933313
0.0
0.0
13.565220050701344
0.0
0.0
13.835106590497485
14.034580667155241
0.0
0.0
0.0
0.0
0.0
0.0
0.0
0.0
0.0
0.0
0.0
0.0
0.0
0.0
0.0
0.0
0.0
0.0
0.0
0.0
0.0
0.0
0.0
0.0
0.0
0.0
0.0
13.994470339268247
0.0
0.0
0.0
0.0
0.0
0.0
0.0
0.0
0.0
0.0
0.0
0.0
0.0
0.0
0.0
0.0
0.0
0.0
0.0
0.0
0.0
0.0
0.0
0.0
13.929762836890454
13.937994672146038
0.0
0.0
0.0
0.0
0.0
0.0
0.0
0.0
0.0
0.0
0.0
0.0
0.0
0.0
0.0
0.0
0.0
0.0
0.0
0.0
0.0
13.929163581850318
0.0
0.0
0.0
0.0
13.756851441846946
0.0
0.0
0.0
0.0
0.0
0.0
0.0
14.023141416277197
0.0
13.805789178795292
0.0
0.0
0.0
0.0
0.0
0.0
0.0
0.0
0.0
0.0
0.0
0.0
0.0
0.0
0.0
0.0
0.0
0.0
0.0
13.290137516177575
0.0
0.0
0.0
13.538820845440071
0.0
0.0
0.0
0.0
0.0
0.0
0.0
0.0
0.0
0.0
0.0
0.0
13.794014425990898
0.0
0.0
0.0
0.0
0.0
0.0
0.0
0.0
0.0
0.0
0.0
0.0
0.0
0.0
0.0
0.0
0.0
14.085552427652981
0.0
0.0
0.0
0.0
0.0
14.011282717875897
0.0
0.0
0.0
0.0
0.0
0.0
0.0
0.0
0.0
0.0
0.0
0.0
0.0
0.0
0.0
0.0
0.0
0.0
0.0
14.091352426756643
0.0
0.0
0.0
13.876440443522212
0.0
14.05032068406421
13.522967864038677
0.0
0.0
0.0
13.726318352520579
0.0
0.0
0.0
0.0
0.0
0.0
0.0
0.0
0.0
0.0
0.0
0.0
13.727640739717021
0.0
0.0
0.0
0.0
13.917884593117689
0.0
0.0
0.0
0.0
0.0
0.0
13.294482181535873
0.0
0.0
0.0
0.0
0.0
0.0
14.00524570395164
0.0
0.0
0.0
14.107508193394892
0.0
0.0
0.0
0.0
0.0
0.0
0.0
0.0
0.0
0.0
0.0
0.0
0.0
0.0
0.0
0.0
0.0
0.0
0.0
0.0
0.0
0.0
0.0
0.0
0.0
0.0
0.0
13.892349550975085
0.0
0.0
0.0
0.0
