0.0
0.0
0.0
0.0
13.159965893236567
0.0
0.0
0.0
0.0
0.0
0.0
0.0
13.161984815882944
0.0
0.0
0.0
0.0
0.0
0.0
0.0
0.0
0.0
0.0
12.604172708436364
0.0
0.0
0.0
0.0
0.0
0.0
0.0
0.0
13.20792007042887
0.0
13.205757836035497
0.0
0.0
0.0
0.0
0.0
0.0
0.0
0.0
0.0
0.0
0.0
0.0
0.0
0.0
11.35219775957706
0.0
0.0
0.0
12.65403703882545
0.0
0.0
0.0
0.0
0.0
0.0
0.0
0.0
0.0
0.0
0.0
0.0
0.0
0.0
0.0
0.0
0.0
0.0
12.095912067262987
0.0
0.0
0.0
0.0
0.0
0.0
0.0
12.937250191047418
0.0
12.383590672719656
0.0
0.0
0.0
0.0
0.0
12.075065257239599
0.0
12.401381625822477
0.0
0.0
0.0
0.0
0.0
0.0
0.0
0.0
0.0
0.0
0.0
0.0
0.0
0.0
0.0
0.0
13.177302804549335
0.0
11.968206856775838
0.0
13.20179061176146
0.0
0.0
0.0
0.0
13.216367131282974
0.0
0.0
0.0
13.068536554998056
0.0
0.0
0.0
13.103150395287495
0.0
0.0
0.0
0.0
0.0
13.05506844439213
13.216609623273039
0.0
0.0
0.0
0.0
0.0
11.982865613395756
0.0
0.0
0.0
0.0
0.0
0.0
0.0
0.0
0.0
0.0
0.0
13.17962243503767
0.0
0.0
0.0
0.0
13.154410613734612
0.0
0.0
0.0
13.186297294014087
0.0
0.0
0.0
0.0
0.0
0.0
0.0
0.0
0.0
0.0
0.0
0.0
0.0
0.0
0.0
0.0
0.0
12.068415686698541
0.0
0.0
0.0
0.0
0.0
13.049288894236158
0.0
0.0
0.0
0.0
0.0
0.0
0.0
0.0
13.197771040477107
0.0
0.0
0.0
0.0
0.0
0.0
0.0
0.0
0.0
11.336514477751315
0.0
0.0
0.0
0.0
12.717612763251426
0.0
0.0
0.0
0.0
13.09596469460407
0.0
0.0
0.0
0.0
0.0
0.0
0.0
0.0
0.0
0.0
0.0
0.0
0.0
0.0
0.0
0.0
0.0
0.0
0.0
0.0
11.337006577697496
0.0
0.0
0.0
0.0
0.0
12.516396693905335
0.0
0.0
13.032281836243877
0.0
0.0
0.0
0.0
0.0
0.0
0.0
0.0
0.0
0.0
0.0
0.0
0.0
0.0
0.0
0.0
0.0
0.0
0.0
0.0
0.0
0.0
0.0
0.0
0.0
0.0
0.0
0.0
0.0
0.0
0.0
0.0
0.0
0.0
13.045481028922064
0.0
0.0
0.0
0.0
0.0
0.0
0.0
0.0
0.0
0.0
0.0
0.0
0.0
0.0
0.0
0.0
0.0
0.0
0.0
0.0
0.0
0.0
0.0
0.0
0.0
0.0
0.0
0.0
0.0
0.0
0.0
0.0
0.0
0.0
0.0
13.21541893145654
0.0
0.0
0.0
0.0
0.0
0.0
0.0
0.0
0.0
0.0
0.0
0.0
0.0
0.0
0.0
0.0
11.953391744355752
0.0
0.0
0.0
0.0
0.0
0.0
0.0
13.064243907633482
0.0
0.0
0.0
0.0
0.0
13.118288546543976
0.0
0.0
0.0
0.0
0.0
0.0
0.0
0.0
0.0
11.801196223207683
0.0
0.0
0.0
0.0
0.0
0.0
0.0
0.0
0.0
0.0
0.0
0.0
0.0
0.0
0.0
12.384050894951443
0.0
0.0
0.0
12.792354943034667
0.0
0.0
0.0
0.0
0.0
0.0
13.157676171530195
0.0
12.402965452605216
0.0
0.0
0.0
0.0
0.0
0.0
0.0
0.0
0.0
0.0
0.0
0.0
0.0
11.814842727532623
13.10836399877881
0.0
0.0
0.0
0.0
0.0
13.18691524916587
0.0
0.0
0.0
0.0
0.0
0.0
0.0
0.0
0.0
12.134930579752691
13.099084278522653
0.0
0.0
0.0
0.0
0.0
0.0
0.0
0.0
0.0
0.0
0.0
0.0
0.0
0.0
0.0
0.0
0.0
0.0
0.0
0.0
0.0
0.0
0.0
0.0
0.0
12.684816314936073
0.0
0.0
0.0
0.0
13.182766190698691
0.0
0.0
0.0
0.0
0.0
0.0
12.007522461194279
0.0
0.0
0.0
0.0
0.0
0.0
0.0
0.0
0.0
0.0
0.0
0.0
0.0
0.0
0.0
0.0
0.0
0.0
0.0
0.0
0.0
0.0
0.0
0.0
0.0
0.0
0.0
0.0
0.0
0.0
0.0
0.0
0.0
0.0
0.0
13.029463443808677
12.850559426752115
0.0
0.0
13.124393552613036
0.0
0.0
0.0
13.10288050058811
0.0
0.0
12.903595790231279
0.0
11.795047130178126
0.0
0.0
0.0
0.0
0.0
0.0
0.0
0.0
0.0
0.0
0.0
0.0
0.0
0.0
0.0
0.0
0.0
0.0
0.0
0.0
0.0
0.0
13.200477967525668
0.0
11.307510826250445
0.0
11.972756007053889
0.0
0.0
0.0
0.0
12.40405871359605
0.0
0.0
0.0
0.0
13.21738093009553
0.0
0.0
0.0
13.182557684890497
0.0
0.0
0.0
0.0
0.0
0.0
0.0
0.0
0.0
0.0
0.0
12.415384884028333
13.147222185319194
0.0
0.0
0.0
12.928268769802921
0.0
0.0
0.0
0.0
0.0
0.0
0.0
0.0
0.0
13.09215324293914
0.0
0.0
0.0
0.0
0.0
0.0
0.0
0.0
0.0
12.41943171416585
0.0
0.0
0.0
0.0
11.980953063372482
12.381835941893957
13.216812317735965
0.0
0.0
0.0
0.0
0.0
0.0
0.0
0.0
0.0
0.0
0.0
0.0
0.0
12.113553260587562
0.0
13.058096330798858
13.066494849281334
0.0
0.0
0.0
0.0
0.0
0.0
0.0
0.0
12.416692069852559
0.0
0.0
0.0
0.0
0.0
0.0
0.0
0.0
0.0
12.135838269821493
0.0
0.0
0.0
0.0
12.10660957632278
0.0
0.0
0.0
0.0
0.0
0.0
0.0
0.0
0.0
0.0
12.120543671372607
0.0
0.0
0.0
12.382000216547603
0.0
0.0
0.0
0.0
0.0
0.0
0.0
0.0
0.0
0.0
0.0
0.0
0.0
0.0
12.0948330564118
0.0
0.0
0.0
11.968340488234993
0.0
0.0
0.0
0.0
13.178027787514724
13.008564817249814
0.0
0.0
12.398294764616205
0.0
0.0
0.0
0.0
0.0
0.0
0.0
0.0
0.0
0.0
0.0
11.542647237616087
0.0
0.0
0.0
0.0
0.0
0.0
0.0
0.0
11.91265521712809
0.0
0.0
0.0
0.0
0.0
0.0
0.0
0.0
11.968286328769505
0.0
12.124682560913577
0.0
0.0
13.186388862019951
0.0
0.0
0.0
11.410354684659916
0.0
0.0
0.0
0.0
0.0
11.322650834352277
0.0
0.0
0.0
0.0
12.013313980917351
0.0
0.0
0.0
0.0
0.0
0.0
0.0
11.321403903547605
0.0
0.0
13.036487033759833
0.0
0.0
0.0
0.0
0.0
0.0
0.0
0.0
0.0
0.0
0.0
0.0
0.0
0.0
0.0
0.0
11.981296789572383
0.0
0.0
0.0
0.0
0.0
0.0
0.0
0.0
0.0
0.0
0.0
0.0
13.203044854345642
0.0
0.0
0.0
0.0
0.0
13.199453157128769
13.150238444614693
0.0
0.0
0.0
0.0
0.0
0.0
0.0
0.0
0.0
0.0
0.0
0.0
0.0
0.0
0.0
0.0
0.0
0.0
0.0
0.0
11.966893466988962
0.0
0.0
0.0
0.0
0.0
0.0
0.0
0.0
0.0
0.0
0.0
0.0
0.0
13.014758058731985
0.0
13.142894450810045
0.0
11.725929981610767
11.322297693041735
0.0
0.0
0.0
0.0
0.0
0.0
0.0
0.0
0.0
0.0
0.0
0.0
0.0
0.0
0.0
0.0
0.0
0.0
0.0
0.0
0.0
0.0
0.0
0.0
0.0
0.0
0.0
0.0
0.0
0.0
0.0
0.0
0.0
0.0
0.0
0.0
0.0
0.0
0.0
13.075146315453765
0.0
13.218676716537813
0.0
0.0
0.0
0.0
0.0
0.0
0.0
0.0
0.0
0.0
0.0
0.0
0.0
0.0
0.0
0.0
0.0
0.0
0.0
0.0
0.0
0.0
0.0
0.0
0.0
0.0
0.0
12.850128296819433
0.0
0.0
0.0
0.0
0.0
13.110865477950053
0.0
0.0
0.0
0.0
0.0
0.0
0.0
0.0
0.0
0.0
0.0
0.0
0.0
0.0
13.063014037854611
0.0
12.119690036016893
0.0
13.105470706230403
0.0
13.062255856451525
0.0
0.0
0.0
0.0
0.0
0.0
0.0
13.124679524620532
12.12513091245896
0.0
0.0
0.0
0.0
0.0
0.0
0.0
0.0
0.0
0.0
0.0
0.0
0.0
0.0
0.0
0.0
0.0
0.0
0.0
12.59945558032851
0.0
13.11974934849063
0.0
0.0
0.0
0.0
0.0
0.0
0.0
0.0
0.0
11.982648572412831
0.0
0.0
0.0
0.0
0.0
0.0
0.0
0.0
0.0
0.0
0.0
0.0
0.0
0.0
0.0
0.0
0.0
0.0
0.0
0.0
0.0
0.0
12.728250190234641
13.216132902117222
0.0
0.0
0.0
0.0
0.0
0.0
0.0
12.417369956509
0.0
0.0
0.0
0.0
0.0
0.0
0.0
13.198349861573217
0.0
0.0
0.0
0.0
13.056800036422539
0.0
13.18343935041746
0.0
0.0
0.0
0.0
0.0
0.0
0.0
0.0
0.0
13.05739030714322
0.0
0.0
0.0
0.0
0.0
0.0
0.0
0.0
0.0
0.0
0.0
0.0
0.0
0.0
0.0
0.0
0.0
0.0
0.0
0.0
0.0
0.0
0.0
0.0
0.0
0.0
0.0
0.0
11.323496133656532
0.0
0.0
0.0
0.0
0.0
13.216326282710677
0.0
0.0
0.0
0.0
0.0
13.207365562043064
0.0
0.0
0.0
0.0
0.0
12.52683813785367
0.0
0.0
0.0
0.0
0.0
0.0
12.587156531310713
0.0
0.0
0.0
0.0
0.0
0.0
0.0
0.0
0.0
0.0
13.202861313122382
0.0
0.0
0.0
0.0
0.0
0.0
0.0
0.0
0.0
12.381541237111463
12.063838064282882
0.0
0.0
0.0
0.0
0.0
0.0
0.0
0.0
0.0
0.0
0.0
0.0
13.16661528085595
0.0
13.153840158099163
0.0
0.0
13.049272774687564
0.0
0.0
0.0
12.404590081310664
0.0
0.0
0.0
0.0
0.0
0.0
0.0
0.0
0.0
0.0
0.0
0.0
0.0
0.0
0.0
0.0
0.0
0.0
12.017916355798704
0.0
0.0
0.0
0.0
0.0
0.0
0.0
0.0
0.0
0.0
0.0
0.0
11.964426426140003
0.0
0.0
0.0
0.0
0.0
0.0
0.0
0.0
11.732633751798712
12.119985281517446
0.0
0.0
0.0
0.0
12.135044458627249
0.0
0.0
0.0
0.0
0.0
0.0
0.0
0.0
0.0
0.0
0.0
0.0
0.0
0.0
0.0
0.0
0.0
0.0
0.0
0.0
0.0
0.0
0.0
0.0
0.0
0.0
0.0
0.0
0.0
0.0
0.0
0.0
12.683754418969619
0.0
0.0
0.0
0.0
0.0
13.149240270906173
0.0
0.0
0.0
0.0
0.0
0.0
0.0
0.0
0.0
0.0
0.0
0.0
0.0
0.0
0.0
13.184344724488152
0.0
0.0
0.0
0.0
0.0
0.0
0.0
0.0
0.0
0.0
0.0
0.0
0.0
0.0
0.0
12.415251289488914
0.0
0.0
0.0
0.0
13.155825335195878
0.0
0.0
0.0
0.0
0.0
13.047699358393471
0.0
0.0
12.382171255404067
0.0
0.0
0.0
0.0
11.320546953822777
0.0
0.0
0.0
0.0
0.0
0.0
13.18645979253767
13.062980502738707
0.0
0.0
0.0
0.0
12.053794704974166
13.196929524697712
11.523292979636132
0.0
0.0
0.0
0.0
0.0
0.0
12.401621913510034
0.0
0.0
0.0
0.0
0.0
0.0
0.0
0.0
0.0
0.0
0.0
0.0
0.0
12.760003619283696
0.0
0.0
0.0
0.0
0.0
0.0
11.982270987680765
0.0
11.970980140423482
0.0
0.0
0.0
0.0
0.0
0.0
13.199230284664083
0.0
0.0
0.0
0.0
0.0
0.0
0.0
0.0
0.0
0.0
0.0
0.0
0.0
0.0
0.0
0.0
0.0
0.0
0.0
0.0
0.0
0.0
0.0
0.0
0.0
0.0
13.136064736961055
0.0
0.0
0.0
13.213830762822102
11.33734491549237
11.966976884742262
12.734851551040244
0.0
0.0
12.989675128215023
12.409104372749326
0.0
0.0
0.0
0.0
12.120858636394926
0.0
0.0
0.0
0.0
0.0
13.210725006214885
0.0
0.0
13.031415308759044
0.0
0.0
0.0
0.0
12.682444102277728
0.0
0.0
13.061897844616551
0.0
0.0
0.0
0.0
0.0
0.0
0.0
0.0
0.0
12.919667958710418
11.849647730619488
0.0
0.0
0.0
0.0
0.0
0.0
0.0
0.0
0.0
0.0
0.0
0.0
0.0
13.078527467976901
0.0
0.0
0.0
0.0
12.400672569050284
0.0
12.974685464356684
0.0
0.0
0.0
0.0
0.0
0.0
0.0
0.0
0.0
0.0
0.0
0.0
0.0
0.0
0.0
0.0
0.0
0.0
0.0
0.0
0.0
0.0
11.889664532976239
0.0
0.0
0.0
0.0
0.0
0.0
12.13551386408999
0.0
13.163842103968099
0.0
0.0
0.0
0.0
0.0
0.0
0.0
0.0
0.0
0.0
0.0
0.0
0.0
13.218772890817798
0.0
0.0
12.09803439385415
0.0
0.0
0.0
0.0
13.217667022452158
0.0
0.0
0.0
0.0
0.0
0.0
0.0
0.0
0.0
0.0
12.41648140404833
0.0
0.0
0.0
0.0
0.0
0.0
0.0
0.0
11.321400489839629
0.0
0.0
0.0
0.0
13.21354686719089
13.213704026462496
0.0
13.168262445820796
0.0
0.0
0.0
0.0
0.0
0.0
0.0
0.0
0.0
0.0
0.0
0.0
0.0
0.0
0.0
0.0
0.0
0.0
0.0
0.0
0.0
0.0
0.0
0.0
0.0
0.0
0.0
12.14577938273399
0.0
0.0
0.0
0.0
0.0
0.0
0.0
12.39957833364732
0.0
0.0
0.0
0.0
0.0
11.952410202232576
0.0
0.0
0.0
11.3374012516836
0.0
0.0
0.0
0.0
0.0
0.0
0.0
0.0
0.0
0.0
0.0
0.0
0.0
0.0
0.0
0.0
0.0
0.0
0.0
0.0
0.0
0.0
0.0
0.0
0.0
0.0
0.0
0.0
0.0
0.0
0.0
0.0
0.0
0.0
0.0
0.0
0.0
0.0
0.0
0.0
0.0
12.115055714705779
0.0
0.0
0.0
0.0
0.0
0.0
0.0
0.0
0.0
0.0
0.0
0.0
0.0
0.0
0.0
0.0
0.0
0.0
0.0
0.0
11.323539731150985
0.0
0.0
12.121266497387493
12.902902787659151
0.0
0.0
0.0
0.0
12.858520716731432
0.0
0.0
0.0
0.0
0.0
0.0
0.0
0.0
0.0
12.064365082417526
0.0
0.0
0.0
0.0
0.0
0.0
0.0
12.006436754521046
0.0
0.0
0.0
0.0
0.0
0.0
0.0
0.0
13.139700974162167
0.0
0.0
0.0
0.0
0.0
12.12008876310959
0.0
0.0
11.321408366690221
0.0
0.0
0.0
0.0
0.0
0.0
0.0
0.0
13.05001278747516
0.0
12.069404895093513
0.0
0.0
0.0
0.0
0.0
0.0
0.0
0.0
0.0
0.0
0.0
0.0
0.0
0.0
0.0
0.0
0.0
0.0
0.0
0.0
0.0
0.0
0.0
0.0
0.0
0.0
0.0
0.0
12.030853808959451
0.0
0.0
0.0
11.321770675444464
0.0
0.0
0.0
0.0
0.0
0.0
0.0
0.0
0.0
0.0
0.0
12.016659796897587
0.0
0.0
13.06739129498433
0.0
0.0
12.062392804389098
0.0
0.0
0.0
0.0
0.0
0.0
0.0
12.418306618640166
0.0
0.0
0.0
0.0
0.0
0.0
0.0
0.0
0.0
0.0
0.0
0.0
0.0
0.0
0.0
0.0
13.194909204375458
12.416984464488872
0.0
0.0
0.0
0.0
13.074146112077976
0.0
12.125988780822809
0.0
0.0
0.0
0.0
0.0
12.416325012486377
0.0
0.0
0.0
0.0
0.0
0.0
0.0
0.0
0.0
0.0
0.0
13.194125043322087
0.0
0.0
0.0
0.0
0.0
0.0
0.0
0.0
0.0
0.0
0.0
0.0
0.0
0.0
0.0
0.0
12.03163348257905
13.202286103104749
0.0
0.0
0.0
12.417551328738954
0.0
0.0
0.0
0.0
0.0
0.0
0.0
0.0
12.418802354592016
0.0
0.0
0.0
0.0
0.0
0.0
0.0
0.0
12.403166877979245
0.0
0.0
11.909349765403856
0.0
0.0
0.0
0.0
0.0
0.0
0.0
0.0
0.0
12.570643005101209
0.0
0.0
0.0
0.0
0.0
0.0
0.0
0.0
0.0
0.0
13.199670259507053
0.0
0.0
0.0
0.0
0.0
0.0
0.0
0.0
0.0
0.0
0.0
0.0
0.0
0.0
0.0
0.0
0.0
0.0
0.0
0.0
13.185319858952843
0.0
0.0
0.0
0.0
0.0
0.0
0.0
0.0
0.0
0.0
0.0
0.0
0.0
0.0
0.0
13.20957317997595
0.0
0.0
11.33615532093135
0.0
0.0
0.0
0.0
0.0
0.0
0.0
0.0
0.0
0.0
0.0
0.0
0.0
0.0
0.0
0.0
0.0
0.0
0.0
0.0
0.0
13.186158980096454
0.0
12.538449124905403
0.0
0.0
0.0
0.0
0.0
0.0
0.0
0.0
0.0
0.0
0.0
0.0
0.0
0.0
0.0
0.0
0.0
0.0
0.0
13.182962950628587
0.0
0.0
13.059617617421885
0.0
12.00985986629234
0.0
0.0
0.0
0.0
0.0
0.0
0.0
0.0
0.0
0.0
0.0
0.0
0.0
0.0
0.0
0.0
0.0
0.0
0.0
0.0
0.0
0.0
0.0
0.0
0.0
0.0
0.0
12.691496155379308
0.0
0.0
0.0
0.0
0.0
0.0
0.0
0.0
0.0
0.0
0.0
0.0
0.0
0.0
0.0
0.0
0.0
12.740863836649064
0.0
0.0
0.0
0.0
0.0
0.0
0.0
0.0
12.08643445201145
0.0
12.117920153966196
0.0
0.0
0.0
0.0
0.0
0.0
0.0
0.0
0.0
0.0
12.870331228005831
0.0
12.119926154477136
12.418264886710274
12.599864628015647
0.0
0.0
0.0
0.0
0.0
0.0
0.0
0.0
0.0
0.0
13.214361117483321
0.0
0.0
0.0
0.0
0.0
0.0
0.0
0.0
0.0
0.0
0.0
13.125479933938184
13.203129698266109
0.0
0.0
0.0
0.0
0.0
13.212393148811799
0.0
0.0
13.161417496377249
0.0
0.0
0.0
12.416936114136707
0.0
0.0
13.202728222066728
11.33616443336799
0.0
0.0
13.201828357479874
0.0
0.0
0.0
0.0
0.0
11.308763693757056
0.0
0.0
0.0
0.0
0.0
0.0
0.0
13.098130618413652
0.0
0.0
0.0
11.968187414802927
0.0
0.0
0.0
0.0
0.0
0.0
0.0
0.0
0.0
13.034700120447058
0.0
0.0
0.0
0.0
0.0
0.0
0.0
0.0
0.0
0.0
0.0
0.0
12.790196730453516
13.032484875865855
0.0
13.126415867288626
0.0
0.0
12.402411835806218
0.0
0.0
0.0
0.0
12.420180786484773
0.0
0.0
0.0
0.0
0.0
0.0
12.135704722942943
0.0
0.0
0.0
0.0
0.0
0.0
0.0
13.06123883196963
0.0
0.0
0.0
12.400654754736596
0.0
0.0
0.0
0.0
0.0
0.0
0.0
12.403094722431755
0.0
0.0
0.0
0.0
13.030275742645394
0.0
0.0
0.0
0.0
0.0
0.0
0.0
0.0
0.0
0.0
0.0
13.062873437128891
0.0
0.0
0.0
0.0
0.0
0.0
0.0
0.0
0.0
0.0
0.0
0.0
0.0
0.0
0.0
0.0
0.0
0.0
13.166731730404388
12.794822869730439
0.0
0.0
0.0
0.0
0.0
0.0
12.416964636703474
0.0
0.0
0.0
0.0
0.0
0.0
11.937580886482426
0.0
12.40010287675195
12.97586722197801
0.0
0.0
0.0
0.0
0.0
0.0
0.0
0.0
0.0
0.0
0.0
0.0
0.0
0.0
13.194019623735956
0.0
0.0
0.0
0.0
0.0
0.0
0.0
0.0
0.0
0.0
0.0
12.416181743590688
0.0
0.0
0.0
0.0
0.0
0.0
0.0
0.0
0.0
0.0
0.0
0.0
0.0
0.0
0.0
0.0
11.323490297960024
0.0
11.988396535274376
0.0
0.0
0.0
0.0
0.0
0.0
0.0
0.0
0.0
0.0
0.0
0.0
0.0
0.0
12.399687535977007
12.384236207838981
0.0
0.0
0.0
0.0
0.0
0.0
0.0
0.0
11.94760061132774
0.0
0.0
0.0
0.0
13.186305247993877
0.0
0.0
0.0
0.0
0.0
0.0
0.0
13.183457511580684
0.0
0.0
0.0
0.0
0.0
0.0
0.0
12.622566209684017
0.0
12.74096460094204
0.0
0.0
12.135258192647385
0.0
0.0
0.0
0.0
0.0
0.0
0.0
0.0
0.0
0.0
0.0
0.0
11.322613120024123
0.0
0.0
0.0
0.0
0.0
0.0
0.0
0.0
0.0
0.0
0.0
0.0
0.0
0.0
11.981700192408733
11.32262376508085
0.0
13.142824749769908
0.0
0.0
0.0
0.0
0.0
13.197721169909835
0.0
0.0
0.0
0.0
0.0
0.0
0.0
0.0
0.0
0.0
0.0
0.0
0.0
0.0
12.05238483569181
0.0
0.0
0.0
0.0
13.182632091167122
0.0
13.065200001327137
0.0
0.0
0.0
0.0
0.0
0.0
0.0
0.0
0.0
11.338315098170598
12.870850724708168
0.0
0.0
0.0
0.0
12.135667732388052
12.419068517130855
0.0
0.0
0.0
0.0
0.0
13.05020021884406
12.960064404537519
0.0
0.0
0.0
0.0
0.0
0.0
0.0
0.0
0.0
0.0
12.40322011280177
0.0
0.0
0.0
0.0
12.018160861019908
0.0
0.0
0.0
0.0
0.0
0.0
0.0
11.993442012513809
0.0
13.153590077880622
0.0
11.967884234732718
0.0
0.0
0.0
0.0
0.0
0.0
0.0
12.637906820402243
0.0
0.0
0.0
0.0
13.21141801952163
13.054088474143091
0.0
0.0
0.0
0.0
0.0
0.0
0.0
0.0
0.0
0.0
0.0
0.0
0.0
0.0
0.0
0.0
0.0
0.0
0.0
12.566374723679548
0.0
0.0
0.0
0.0
0.0
12.104357438088826
0.0
0.0
0.0
0.0
0.0
0.0
0.0
0.0
0.0
0.0
0.0
12.404000357762007
0.0
0.0
0.0
0.0
0.0
0.0
0.0
0.0
0.0
0.0
0.0
0.0
0.0
0.0
12.107128909243857
0.0
13.156066094943863
0.0
0.0
0.0
0.0
0.0
0.0
0.0
0.0
0.0
0.0
0.0
0.0
0.0
0.0
0.0
0.0
0.0
0.0
0.0
0.0
11.352196145988055
0.0
0.0
0.0
12.0258235337624
0.0
12.131001178860272
12.022201399304956
0.0
0.0
0.0
13.025439454282294
0.0
12.11823406871621
0.0
13.107947216675434
0.0
0.0
0.0
0.0
0.0
0.0
0.0
13.184611526769999
0.0
12.527846368180766
0.0
0.0
0.0
0.0
0.0
0.0
0.0
0.0
0.0
0.0
0.0
0.0
0.0
11.76927744293739
0.0
12.403115405209691
0.0
0.0
0.0
0.0
0.0
12.613585429186704
0.0
0.0
0.0
0.0
0.0
12.416408679947072
0.0
0.0
0.0
12.02212405459176
0.0
0.0
0.0
0.0
0.0
0.0
0.0
11.98419036743047
0.0
0.0
0.0
0.0
0.0
0.0
0.0
0.0
0.0
0.0
13.150116625322388
0.0
0.0
0.0
0.0
0.0
0.0
0.0
0.0
0.0
0.0
0.0
0.0
0.0
0.0
0.0
0.0
0.0
0.0
0.0
0.0
0.0
0.0
0.0
0.0
0.0
13.196862426611899
0.0
0.0
0.0
0.0
0.0
0.0
0.0
0.0
0.0
0.0
0.0
0.0
0.0
0.0
0.0
0.0
0.0
0.0
0.0
0.0
0.0
0.0
0.0
0.0
0.0
0.0
0.0
0.0
0.0
0.0
0.0
13.086947194066553
0.0
13.20264222423733
0.0
0.0
0.0
0.0
0.0
0.0
0.0
0.0
0.0
0.0
11.32137880726538
0.0
0.0
0.0
0.0
0.0
0.0
0.0
0.0
0.0
0.0
0.0
13.129682719775719
0.0
0.0
13.10496663978068
0.0
0.0
0.0
0.0
0.0
11.5713637535218
13.209714509789052
13.048539376383765
0.0
11.9822273097263
0.0
0.0
0.0
0.0
0.0
0.0
0.0
0.0
13.097245078686763
0.0
0.0
0.0
0.0
0.0
11.967382104128097
0.0
0.0
0.0
0.0
0.0
0.0
0.0
0.0
0.0
11.322278991143946
0.0
0.0
0.0
0.0
0.0
0.0
0.0
0.0
0.0
0.0
0.0
0.0
0.0
0.0
0.0
0.0
0.0
0.0
0.0
0.0
13.000379075198957
0.0
12.105603810427196
0.0
13.146930217837886
0.0
12.86100005858313
0.0
0.0
0.0
0.0
0.0
11.336563091676192
0.0
0.0
0.0
0.0
0.0
0.0
0.0
0.0
13.046380767342743
0.0
0.0
0.0
0.0
12.383417307274035
0.0
0.0
0.0
0.0
0.0
12.708644853103893
0.0
0.0
0.0
0.0
12.12016420767879
0.0
0.0
0.0
0.0
13.192558775256227
13.194075143024742
0.0
0.0
0.0
0.0
0.0
0.0
0.0
0.0
0.0
0.0
0.0
0.0
0.0
0.0
0.0
0.0
0.0
0.0
0.0
0.0
0.0
0.0
0.0
0.0
0.0
0.0
0.0
0.0
0.0
0.0
12.402771490436118
0.0
0.0
0.0
0.0
0.0
0.0
0.0
0.0
0.0
0.0
0.0
0.0
0.0
0.0
0.0
0.0
0.0
0.0
0.0
0.0
0.0
0.0
0.0
0.0
0.0
0.0
0.0
0.0
0.0
0.0
0.0
0.0
0.0
0.0
0.0
0.0
0.0
0.0
0.0
0.0
0.0
0.0
0.0
0.0
0.0
0.0
0.0
0.0
0.0
12.400962136096487
0.0
0.0
0.0
0.0
0.0
0.0
0.0
0.0
0.0
0.0
0.0
0.0
0.0
0.0
0.0
0.0
0.0
0.0
0.0
0.0
0.0
0.0
0.0
0.0
0.0
0.0
12.420195316073098
0.0
0.0
0.0
0.0
0.0
0.0
0.0
0.0
12.402759900465842
0.0
0.0
0.0
0.0
0.0
0.0
0.0
0.0
0.0
0.0
0.0
0.0
0.0
0.0
0.0
0.0
0.0
0.0
0.0
0.0
0.0
0.0
0.0
0.0
0.0
0.0
0.0
0.0
0.0
0.0
0.0
0.0
0.0
0.0
0.0
0.0
0.0
0.0
0.0
0.0
0.0
0.0
0.0
0.0
0.0
0.0
0.0
0.0
0.0
0.0
0.0
0.0
0.0
0.0
0.0
0.0
0.0
0.0
0.0
0.0
0.0
0.0
0.0
0.0
0.0
0.0
0.0
0.0
0.0
0.0
0.0
0.0
0.0
0.0
0.0
11.920780631770524
0.0
0.0
0.0
0.0
0.0
0.0
0.0
0.0
0.0
0.0
0.0
0.0
0.0
0.0
0.0
0.0
0.0
0.0
0.0
0.0
0.0
13.20481235149249
0.0
0.0
13.119833432418822
0.0
0.0
0.0
0.0
0.0
0.0
0.0
0.0
0.0
0.0
0.0
0.0
13.056746153632398
0.0
0.0
0.0
0.0
0.0
0.0
0.0
0.0
12.104981050927567
0.0
0.0
0.0
0.0
0.0
0.0
0.0
12.665566237127068
0.0
0.0
0.0
0.0
0.0
0.0
0.0
0.0
0.0
0.0
0.0
0.0
0.0
0.0
0.0
0.0
0.0
0.0
0.0
0.0
0.0
0.0
0.0
0.0
13.20054761898639
0.0
0.0
0.0
0.0
0.0
0.0
0.0
0.0
0.0
0.0
13.070500941739684
0.0
0.0
0.0
0.0
0.0
0.0
0.0
0.0
0.0
0.0
0.0
0.0
0.0
0.0
0.0
0.0
0.0
13.182318805921147
0.0
0.0
0.0
0.0
13.055079644354924
0.0
13.178832752945
0.0
13.203618776177455
0.0
13.199921747713466
0.0
12.102737418930692
0.0
0.0
0.0
13.178972157541466
0.0
0.0
0.0
0.0
0.0
0.0
0.0
0.0
0.0
0.0
0.0
0.0
0.0
0.0
0.0
0.0
0.0
11.688954036684507
0.0
0.0
0.0
0.0
0.0
0.0
0.0
0.0
0.0
12.000008518171862
0.0
0.0
0.0
0.0
0.0
0.0
0.0
0.0
0.0
0.0
0.0
0.0
0.0
0.0
0.0
0.0
0.0
0.0
0.0
0.0
0.0
0.0
0.0
0.0
0.0
0.0
0.0
0.0
0.0
0.0
0.0
0.0
0.0
0.0
0.0
0.0
0.0
0.0
0.0
0.0
0.0
0.0
12.055642824254333
0.0
0.0
0.0
0.0
0.0
0.0
0.0
13.078238482813491
0.0
0.0
13.18861189250762
0.0
0.0
0.0
0.0
0.0
0.0
0.0
0.0
0.0
0.0
0.0
0.0
0.0
0.0
0.0
0.0
0.0
0.0
0.0
0.0
0.0
0.0
11.322244385405243
0.0
0.0
0.0
0.0
12.786732531466022
0.0
0.0
0.0
12.910415730215703
13.071176983157235
0.0
0.0
0.0
0.0
0.0
0.0
13.043091251273605
0.0
0.0
0.0
0.0
0.0
0.0
0.0
0.0
13.121383729245364
0.0
0.0
0.0
0.0
0.0
13.064015115218554
0.0
0.0
0.0
0.0
0.0
0.0
0.0
13.098927639378479
0.0
0.0
0.0
12.958579003729817
0.0
0.0
0.0
0.0
0.0
0.0
0.0
0.0
0.0
12.077681965412848
0.0
0.0
0.0
0.0
0.0
0.0
0.0
0.0
0.0
0.0
0.0
0.0
0.0
11.321401645543727
0.0
0.0
0.0
0.0
0.0
0.0
0.0
0.0
0.0
0.0
0.0
13.100550074290567
0.0
0.0
0.0
0.0
0.0
0.0
0.0
0.0
0.0
0.0
12.385047771671212
13.150668106526581
0.0
0.0
0.0
0.0
0.0
0.0
0.0
0.0
0.0
0.0
0.0
0.0
0.0
0.0
0.0
0.0
0.0
11.633720367525932
0.0
0.0
0.0
0.0
0.0
0.0
0.0
12.076710111169481
0.0
0.0
0.0
0.0
0.0
0.0
0.0
0.0
0.0
0.0
0.0
0.0
0.0
0.0
0.0
0.0
0.0
0.0
0.0
0.0
12.091959175319666
0.0
0.0
0.0
0.0
0.0
0.0
0.0
0.0
0.0
0.0
0.0
12.017188360148289
0.0
0.0
0.0
0.0
0.0
0.0
0.0
0.0
13.148787029670197
0.0
0.0
0.0
12.416378524382159
0.0
0.0
0.0
0.0
13.167152747904316
0.0
0.0
0.0
0.0
0.0
0.0
0.0
0.0
0.0
0.0
0.0
0.0
0.0
11.843233506097622
0.0
0.0
0.0
0.0
0.0
0.0
0.0
0.0
0.0
0.0
0.0
0.0
0.0
0.0
0.0
0.0
0.0
0.0
0.0
0.0
0.0
0.0
0.0
0.0
0.0
0.0
0.0
0.0
0.0
0.0
0.0
0.0
0.0
0.0
0.0
0.0
0.0
0.0
0.0
0.0
0.0
0.0
0.0
0.0
0.0
13.19252861322873
0.0
0.0
0.0
0.0
0.0
0.0
0.0
0.0
0.0
13.127892864388482
0.0
0.0
11.377206723943747
13.166221425861524
0.0
0.0
0.0
0.0
0.0
0.0
0.0
0.0
12.740589646909038
0.0
0.0
0.0
0.0
0.0
0.0
0.0
0.0
0.0
0.0
0.0
0.0
0.0
0.0
0.0
0.0
0.0
0.0
0.0
0.0
0.0
0.0
0.0
0.0
0.0
13.215172273371417
0.0
0.0
0.0
11.322615909462407
0.0
0.0
0.0
0.0
11.337393744973793
0.0
0.0
0.0
0.0
0.0
0.0
0.0
0.0
0.0
13.21654017673625
0.0
0.0
0.0
0.0
0.0
0.0
0.0
0.0
0.0
0.0
0.0
0.0
0.0
0.0
0.0
0.0
0.0
0.0
0.0
0.0
0.0
0.0
0.0
0.0
0.0
0.0
0.0
0.0
0.0
0.0
0.0
12.135148406546605
0.0
0.0
12.06021118536476
0.0
0.0
0.0
0.0
0.0
0.0
0.0
0.0
0.0
0.0
0.0
0.0
0.0
0.0
0.0
0.0
0.0
13.200512750192138
11.823181398300267
0.0
0.0
0.0
0.0
12.415656378920788
0.0
0.0
0.0
0.0
0.0
0.0
11.368154607796772
0.0
0.0
0.0
0.0
0.0
0.0
0.0
11.873503418018343
0.0
0.0
0.0
0.0
0.0
0.0
0.0
0.0
0.0
0.0
0.0
0.0
0.0
0.0
0.0
13.197759234845975
0.0
0.0
0.0
0.0
0.0
0.0
0.0
0.0
0.0
0.0
0.0
13.129780378067432
0.0
0.0
0.0
0.0
13.059134686216648
0.0
0.0
0.0
0.0
0.0
0.0
0.0
13.177849618100865
11.353057219728043
0.0
0.0
0.0
0.0
13.183344614666423
11.324020692754686
0.0
0.0
0.0
0.0
0.0
13.051070265935314
0.0
0.0
0.0
0.0
0.0
0.0
0.0
0.0
0.0
0.0
0.0
0.0
0.0
0.0
0.0
0.0
0.0
0.0
0.0
0.0
0.0
0.0
0.0
0.0
0.0
0.0
0.0
0.0
0.0
0.0
0.0
0.0
0.0
13.199889503140252
0.0
13.201729665521142
0.0
0.0
0.0
0.0
0.0
0.0
0.0
0.0
0.0
11.940133021437926
13.06261514293797
0.0
0.0
0.0
0.0
0.0
0.0
0.0
0.0
13.043929285471412
0.0
0.0
0.0
0.0
0.0
0.0
0.0
0.0
0.0
0.0
0.0
0.0
0.0
0.0
0.0
0.0
0.0
0.0
0.0
0.0
0.0
0.0
0.0
0.0
0.0
0.0
0.0
0.0
0.0
0.0
0.0
0.0
0.0
0.0
0.0
0.0
0.0
0.0
0.0
0.0
0.0
0.0
0.0
0.0
13.122021242273352
0.0
0.0
0.0
12.402682237922821
0.0
0.0
0.0
0.0
0.0
0.0
0.0
0.0
0.0
0.0
0.0
0.0
0.0
13.104091374363252
0.0
0.0
0.0
0.0
0.0
0.0
0.0
0.0
0.0
0.0
0.0
0.0
0.0
0.0
0.0
12.41524109653204
0.0
0.0
0.0
0.0
0.0
0.0
13.216556124023692
0.0
12.873412833646029
0.0
0.0
13.190208724720263
0.0
13.173591672091177
0.0
0.0
0.0
0.0
0.0
0.0
0.0
0.0
0.0
0.0
12.40136904174519
0.0
0.0
0.0
0.0
0.0
0.0
0.0
0.0
11.987967963371588
0.0
0.0
0.0
0.0
0.0
0.0
0.0
0.0
0.0
0.0
0.0
0.0
0.0
0.0
0.0
0.0
0.0
0.0
0.0
0.0
0.0
0.0
0.0
0.0
0.0
0.0
0.0
0.0
0.0
0.0
0.0
0.0
0.0
0.0
0.0
0.0
0.0
0.0
0.0
0.0
0.0
0.0
0.0
0.0
0.0
0.0
0.0
0.0
0.0
0.0
0.0
0.0
0.0
0.0
0.0
0.0
13.21562317470453
0.0
0.0
0.0
0.0
0.0
11.875829150488467
0.0
12.402074289401904
0.0
0.0
0.0
0.0
0.0
13.060087799014173
0.0
0.0
0.0
0.0
0.0
0.0
0.0
0.0
0.0
0.0
12.419400815016234
0.0
0.0
12.41896274042567
0.0
0.0
0.0
0.0
0.0
0.0
12.989239230688801
12.69431536364541
0.0
12.775855652192245
0.0
0.0
0.0
0.0
0.0
0.0
0.0
0.0
12.05761572506059
0.0
0.0
0.0
0.0
0.0
13.056199874528422
13.190287781685576
0.0
0.0
0.0
13.216609634286685
0.0
0.0
11.337033686085588
0.0
0.0
0.0
0.0
0.0
0.0
12.022931021031
0.0
0.0
0.0
0.0
0.0
0.0
0.0
0.0
13.215954930204825
0.0
12.106590366589353
0.0
0.0
0.0
0.0
13.082065169664313
0.0
0.0
0.0
11.978743427598747
0.0
0.0
0.0
0.0
0.0
0.0
0.0
0.0
0.0
0.0
0.0
0.0
0.0
0.0
0.0
0.0
12.135234168672712
0.0
0.0
0.0
13.005647697616148
0.0
11.989361788112062
0.0
0.0
0.0
0.0
0.0
0.0
0.0
0.0
0.0
0.0
12.850280343167498
0.0
0.0
0.0
0.0
0.0
0.0
0.0
0.0
0.0
0.0
0.0
0.0
0.0
0.0
0.0
0.0
13.173092144336097
0.0
13.214849207528914
0.0
0.0
0.0
0.0
0.0
0.0
0.0
0.0
0.0
0.0
0.0
0.0
13.184123598632436
0.0
0.0
0.0
0.0
0.0
0.0
12.368669509823958
0.0
13.199128929681612
11.979403142956988
0.0
13.065674036513027
0.0
0.0
0.0
0.0
0.0
0.0
0.0
0.0
0.0
0.0
12.402465069207965
0.0
0.0
0.0
0.0
0.0
12.823209810376268
0.0
12.399844716012552
0.0
0.0
11.973681322691732
0.0
0.0
13.185745671505732
0.0
0.0
0.0
0.0
12.009580607807967
0.0
0.0
0.0
13.062911225584328
0.0
0.0
0.0
0.0
0.0
0.0
0.0
0.0
0.0
0.0
12.658112749851131
12.71891359414496
0.0
0.0
0.0
0.0
0.0
0.0
0.0
0.0
0.0
0.0
0.0
0.0
0.0
0.0
0.0
0.0
0.0
0.0
0.0
0.0
0.0
13.181658014915
0.0
0.0
0.0
0.0
0.0
0.0
0.0
0.0
0.0
12.404158027654487
0.0
0.0
0.0
0.0
0.0
0.0
0.0
0.0
0.0
0.0
0.0
0.0
13.112806550288175
0.0
0.0
0.0
13.217828553378707
12.404076202880253
0.0
0.0
0.0
0.0
0.0
0.0
0.0
0.0
0.0
0.0
0.0
0.0
0.0
0.0
0.0
0.0
0.0
13.094943804270958
12.105683031171681
0.0
0.0
0.0
0.0
0.0
0.0
0.0
0.0
0.0
0.0
0.0
12.074424179077171
12.121358970727554
0.0
0.0
0.0
0.0
0.0
0.0
0.0
0.0
0.0
0.0
0.0
0.0
0.0
0.0
0.0
0.0
0.0
0.0
0.0
0.0
0.0
0.0
0.0
0.0
0.0
0.0
0.0
0.0
0.0
0.0
0.0
0.0
0.0
0.0
0.0
12.132412569071853
0.0
0.0
0.0
0.0
0.0
0.0
11.322680278524269
11.982237785030087
11.401460063371863
13.04792661239617
0.0
0.0
0.0
0.0
0.0
0.0
0.0
0.0
12.019609226845205
0.0
0.0
0.0
0.0
0.0
0.0
0.0
0.0
0.0
0.0
0.0
0.0
0.0
0.0
0.0
0.0
0.0
0.0
0.0
0.0
0.0
12.082528086311518
11.938459410048683
13.1993386060179
12.801061416392926
0.0
0.0
0.0
0.0
0.0
0.0
0.0
0.0
0.0
0.0
0.0
0.0
13.048010343189702
0.0
0.0
0.0
0.0
0.0
12.993353630717891
0.0
0.0
0.0
0.0
0.0
0.0
13.18039999891685
0.0
0.0
0.0
0.0
0.0
0.0
12.034236913993883
0.0
13.138794333180078
0.0
0.0
0.0
0.0
0.0
0.0
0.0
0.0
0.0
0.0
0.0
13.014500892093466
0.0
0.0
0.0
0.0
0.0
0.0
0.0
0.0
0.0
0.0
0.0
0.0
0.0
0.0
0.0
0.0
0.0
0.0
0.0
0.0
0.0
0.0
0.0
0.0
0.0
0.0
0.0
0.0
0.0
0.0
0.0
13.088228232243253
0.0
0.0
0.0
0.0
11.936797204341321
0.0
0.0
0.0
11.987763322677743
0.0
0.0
0.0
0.0
0.0
0.0
0.0
0.0
0.0
0.0
0.0
0.0
0.0
12.121457843332152
0.0
0.0
12.121561068208154
0.0
0.0
0.0
0.0
0.0
0.0
0.0
0.0
0.0
0.0
0.0
0.0
0.0
11.95287068921479
0.0
0.0
0.0
0.0
0.0
0.0
0.0
0.0
0.0
0.0
0.0
0.0
0.0
0.0
0.0
0.0
0.0
0.0
0.0
0.0
0.0
13.10122989557179
0.0
0.0
12.418594474680994
0.0
0.0
0.0
0.0
0.0
13.046569439377926
0.0
0.0
0.0
0.0
0.0
0.0
0.0
0.0
0.0
0.0
0.0
0.0
0.0
0.0
0.0
0.0
0.0
0.0
0.0
0.0
0.0
0.0
0.0
0.0
0.0
0.0
13.179990381188604
0.0
0.0
0.0
0.0
12.402638723848858
0.0
0.0
0.0
0.0
0.0
13.180216934061992
0.0
0.0
0.0
0.0
0.0
0.0
0.0
0.0
13.19701064899178
0.0
0.0
0.0
0.0
13.13549024745021
0.0
0.0
0.0
0.0
0.0
0.0
0.0
0.0
0.0
0.0
0.0
0.0
0.0
0.0
0.0
13.183995173958241
0.0
0.0
0.0
0.0
0.0
0.0
0.0
0.0
0.0
13.210554365280792
0.0
11.963959914580137
0.0
0.0
0.0
0.0
13.198984285305505
0.0
0.0
0.0
0.0
0.0
0.0
0.0
0.0
12.41512657098251
0.0
0.0
0.0
0.0
0.0
0.0
0.0
0.0
0.0
0.0
0.0
0.0
0.0
0.0
0.0
11.352203318898658
0.0
0.0
0.0
0.0
0.0
13.046496158562594
0.0
12.402655288004073
0.0
0.0
0.0
0.0
0.0
0.0
0.0
0.0
0.0
0.0
11.321398531828539
0.0
0.0
0.0
0.0
0.0
0.0
0.0
0.0
0.0
0.0
0.0
0.0
0.0
0.0
0.0
0.0
0.0
0.0
0.0
0.0
0.0
0.0
0.0
0.0
0.0
0.0
11.337421485669724
0.0
0.0
0.0
0.0
0.0
0.0
0.0
0.0
0.0
0.0
0.0
0.0
0.0
0.0
0.0
0.0
0.0
11.477888109286198
0.0
0.0
0.0
0.0
0.0
0.0
0.0
0.0
11.3087458141723
0.0
0.0
13.174405496439377
12.40135694095764
0.0
0.0
0.0
0.0
0.0
0.0
0.0
11.307555836160242
0.0
0.0
0.0
0.0
0.0
0.0
0.0
0.0
0.0
0.0
0.0
0.0
13.184855093970159
13.200526479781095
0.0
0.0
0.0
0.0
0.0
0.0
0.0
0.0
0.0
13.021063581471726
12.921001573621455
0.0
13.06435569766668
0.0
0.0
0.0
0.0
11.97558577140963
0.0
0.0
0.0
0.0
0.0
0.0
0.0
0.0
0.0
0.0
0.0
0.0
0.0
0.0
0.0
0.0
0.0
0.0
0.0
0.0
0.0
0.0
0.0
0.0
0.0
13.201584427007203
0.0
0.0
0.0
0.0
0.0
0.0
0.0
0.0
0.0
0.0
0.0
0.0
0.0
0.0
0.0
11.95905641430753
0.0
0.0
0.0
0.0
0.0
0.0
0.0
0.0
0.0
0.0
0.0
12.85179390664853
0.0
0.0
0.0
13.21607183348717
0.0
0.0
0.0
0.0
13.046430334885294
0.0
0.0
0.0
0.0
0.0
0.0
0.0
0.0
12.365402538116994
0.0
0.0
0.0
13.13072437033102
0.0
0.0
0.0
0.0
12.417328270820361
0.0
0.0
0.0
0.0
0.0
0.0
0.0
0.0
0.0
0.0
0.0
0.0
0.0
13.086634204373064
0.0
12.402979827517049
0.0
0.0
0.0
0.0
11.921800682013526
0.0
0.0
12.380340170313849
13.015549158542946
0.0
0.0
13.145013176554965
0.0
0.0
0.0
13.019114046314106
12.120290124318512
12.382374904410707
0.0
0.0
0.0
0.0
13.066434769527461
0.0
0.0
0.0
11.981954507811517
0.0
13.029891345033633
0.0
0.0
0.0
0.0
0.0
0.0
12.936629170724483
0.0
0.0
0.0
0.0
0.0
0.0
0.0
0.0
0.0
13.214849081436912
0.0
0.0
0.0
0.0
0.0
0.0
0.0
0.0
0.0
0.0
0.0
0.0
0.0
0.0
0.0
0.0
0.0
0.0
0.0
0.0
11.337391904609273
0.0
0.0
0.0
0.0
0.0
0.0
0.0
0.0
0.0
0.0
0.0
0.0
0.0
0.0
0.0
0.0
0.0
11.705819184363579
0.0
0.0
0.0
0.0
11.95240378521901
0.0
0.0
0.0
0.0
0.0
0.0
0.0
0.0
0.0
0.0
0.0
0.0
0.0
0.0
0.0
0.0
0.0
0.0
0.0
0.0
0.0
0.0
0.0
0.0
0.0
0.0
0.0
0.0
0.0
0.0
0.0
0.0
0.0
0.0
0.0
0.0
0.0
0.0
0.0
0.0
0.0
0.0
11.32315672784522
0.0
0.0
0.0
0.0
0.0
0.0
12.135154732877814
0.0
0.0
0.0
0.0
0.0
0.0
0.0
0.0
0.0
0.0
0.0
0.0
0.0
0.0
0.0
0.0
0.0
0.0
0.0
0.0
11.32351010570288
0.0
0.0
0.0
0.0
0.0
0.0
0.0
0.0
0.0
0.0
0.0
0.0
0.0
0.0
0.0
0.0
0.0
0.0
0.0
0.0
0.0
0.0
0.0
0.0
0.0
0.0
0.0
0.0
0.0
0.0
0.0
0.0
0.0
0.0
0.0
0.0
0.0
0.0
0.0
0.0
0.0
11.32521906304991
0.0
0.0
0.0
0.0
0.0
0.0
12.109973750773078
13.213594330916468
13.198670295135
0.0
0.0
0.0
0.0
0.0
0.0
0.0
0.0
0.0
0.0
0.0
0.0
12.39497034750909
0.0
0.0
0.0
0.0
0.0
0.0
0.0
0.0
0.0
0.0
0.0
0.0
0.0
0.0
0.0
0.0
0.0
0.0
0.0
0.0
0.0
0.0
0.0
0.0
13.046911276892649
0.0
0.0
0.0
0.0
0.0
0.0
12.401614677484638
0.0
0.0
0.0
0.0
0.0
0.0
0.0
0.0
0.0
0.0
12.400669906573373
0.0
0.0
0.0
0.0
0.0
0.0
0.0
0.0
0.0
0.0
0.0
11.336544256578566
0.0
0.0
0.0
12.439829637031881
0.0
0.0
0.0
0.0
0.0
0.0
0.0
11.984370170072179
0.0
0.0
0.0
12.994691010176872
0.0
13.169721591733568
0.0
0.0
0.0
0.0
0.0
0.0
13.176562285912555
0.0
0.0
0.0
0.0
11.309634604348357
0.0
0.0
0.0
0.0
0.0
0.0
0.0
0.0
0.0
0.0
0.0
11.323502616312789
0.0
0.0
0.0
0.0
0.0
0.0
13.141449657593723
0.0
0.0
0.0
0.0
12.080946797573802
0.0
13.046386695859947
0.0
0.0
0.0
0.0
0.0
0.0
0.0
0.0
0.0
0.0
0.0
0.0
0.0
0.0
0.0
13.216492455112617
0.0
0.0
0.0
0.0
0.0
0.0
11.99682700011076
0.0
0.0
0.0
0.0
0.0
0.0
0.0
0.0
0.0
0.0
0.0
12.714731292695202
0.0
0.0
0.0
0.0
0.0
0.0
0.0
0.0
0.0
0.0
0.0
0.0
0.0
0.0
0.0
0.0
0.0
0.0
0.0
0.0
0.0
0.0
0.0
0.0
13.05927943335492
0.0
0.0
12.384151941182393
0.0
0.0
0.0
0.0
0.0
0.0
0.0
0.0
0.0
11.953819914785868
0.0
0.0
0.0
0.0
0.0
0.0
0.0
0.0
0.0
12.03870883233521
0.0
0.0
0.0
0.0
0.0
0.0
0.0
0.0
11.52085389970819
0.0
0.0
0.0
0.0
0.0
0.0
0.0
12.400109537371415
0.0
0.0
0.0
0.0
0.0
0.0
13.20215499381076
11.981566691755818
0.0
0.0
0.0
11.41352708130635
0.0
0.0
0.0
12.99085797384666
0.0
0.0
0.0
0.0
0.0
0.0
0.0
12.988270150923983
0.0
0.0
0.0
0.0
0.0
0.0
0.0
0.0
0.0
0.0
0.0
13.010197504940464
0.0
0.0
0.0
0.0
0.0
0.0
0.0
13.047350099264431
0.0
0.0
0.0
0.0
0.0
0.0
0.0
0.0
0.0
0.0
0.0
0.0
0.0
13.218642131171999
0.0
0.0
0.0
0.0
0.0
0.0
0.0
0.0
0.0
0.0
0.0
0.0
0.0
0.0
0.0
0.0
0.0
0.0
0.0
0.0
0.0
0.0
0.0
0.0
12.026758007352406
0.0
0.0
0.0
0.0
0.0
0.0
0.0
0.0
12.120669555427217
0.0
0.0
0.0
0.0
11.433864477893707
0.0
0.0
0.0
0.0
0.0
0.0
0.0
0.0
0.0
0.0
0.0
0.0
0.0
0.0
0.0
0.0
0.0
0.0
0.0
12.40440332940667
0.0
0.0
0.0
0.0
0.0
0.0
0.0
12.135009251347185
12.129191110396482
0.0
0.0
0.0
0.0
0.0
0.0
0.0
0.0
11.977887253144177
0.0
0.0
12.71955286717145
0.0
13.082551560030906
0.0
0.0
0.0
0.0
0.0
13.198975548958545
0.0
0.0
0.0
0.0
0.0
0.0
0.0
0.0
0.0
0.0
0.0
0.0
0.0
0.0
0.0
0.0
0.0
0.0
0.0
0.0
0.0
0.0
0.0
0.0
0.0
0.0
0.0
0.0
0.0
0.0
0.0
0.0
0.0
0.0
13.208830094310677
0.0
0.0
0.0
0.0
0.0
0.0
0.0
0.0
0.0
0.0
0.0
0.0
0.0
0.0
0.0
0.0
0.0
0.0
0.0
0.0
0.0
0.0
0.0
0.0
0.0
0.0
0.0
0.0
0.0
0.0
0.0
0.0
0.0
0.0
0.0
0.0
0.0
0.0
11.308425999045433
0.0
0.0
0.0
0.0
0.0
0.0
0.0
13.110286437686288
0.0
0.0
0.0
0.0
0.0
0.0
0.0
0.0
0.0
0.0
0.0
0.0
0.0
0.0
0.0
0.0
0.0
0.0
0.0
0.0
0.0
0.0
0.0
0.0
0.0
0.0
0.0
0.0
0.0
0.0
0.0
0.0
0.0
0.0
0.0
0.0
0.0
0.0
0.0
0.0
0.0
12.677339445458863
0.0
0.0
0.0
0.0
0.0
0.0
0.0
0.0
0.0
0.0
0.0
0.0
0.0
0.0
0.0
0.0
12.13583713616594
0.0
0.0
0.0
0.0
0.0
11.949185167999882
0.0
0.0
0.0
0.0
0.0
12.40298771547574
11.984155077905628
0.0
0.0
0.0
0.0
0.0
0.0
0.0
11.940024321219058
0.0
0.0
0.0
12.384155215744155
0.0
0.0
0.0
0.0
12.753967243847029
0.0
0.0
0.0
0.0
0.0
0.0
0.0
0.0
0.0
0.0
12.416986324316355
0.0
0.0
0.0
0.0
0.0
0.0
11.33732428481156
0.0
0.0
0.0
0.0
0.0
0.0
0.0
0.0
0.0
0.0
0.0
0.0
0.0
0.0
0.0
0.0
0.0
11.338267691015995
12.13361057305828
0.0
0.0
0.0
12.401161203836688
0.0
11.338247964023305
13.083777613254792
0.0
0.0
13.081994036122056
0.0
0.0
0.0
0.0
0.0
0.0
0.0
0.0
0.0
0.0
0.0
0.0
0.0
0.0
0.0
0.0
13.21027636534143
0.0
0.0
0.0
0.0
0.0
0.0
0.0
0.0
0.0
0.0
13.16040737776442
0.0
0.0
0.0
0.0
0.0
0.0
13.15093158321084
0.0
0.0
0.0
0.0
0.0
0.0
0.0
13.214827131709999
0.0
0.0
0.0
13.05126936283962
0.0
0.0
0.0
0.0
0.0
0.0
0.0
0.0
0.0
11.322279675398937
0.0
0.0
0.0
0.0
0.0
0.0
0.0
0.0
0.0
13.089206825719273
0.0
11.336536697275404
0.0
0.0
0.0
0.0
0.0
0.0
0.0
0.0
0.0
12.38414278356461
0.0
0.0
13.005876387204713
0.0
0.0
0.0
0.0
0.0
0.0
0.0
0.0
0.0
0.0
0.0
0.0
0.0
0.0
0.0
0.0
0.0
11.981920959110582
0.0
0.0
0.0
0.0
0.0
0.0
0.0
0.0
0.0
0.0
0.0
0.0
0.0
0.0
0.0
0.0
0.0
0.0
12.120682927752732
0.0
0.0
0.0
0.0
0.0
0.0
0.0
0.0
0.0
0.0
11.39945611579534
0.0
0.0
0.0
0.0
11.967976098518323
0.0
13.173842065092263
0.0
12.119764752342999
0.0
0.0
0.0
0.0
0.0
0.0
13.216173787995366
0.0
0.0
0.0
0.0
0.0
0.0
0.0
0.0
0.0
0.0
0.0
12.822053162392997
0.0
0.0
0.0
0.0
0.0
0.0
0.0
0.0
0.0
0.0
0.0
0.0
0.0
0.0
12.415627255718128
0.0
0.0
0.0
0.0
0.0
0.0
13.072953584899404
0.0
0.0
0.0
0.0
0.0
0.0
0.0
0.0
0.0
0.0
0.0
0.0
0.0
13.106995451683106
0.0
0.0
0.0
0.0
0.0
0.0
0.0
0.0
13.197049392468188
0.0
0.0
0.0
0.0
0.0
0.0
0.0
0.0
0.0
0.0
0.0
12.403990510945174
0.0
13.183433969760614
0.0
0.0
0.0
0.0
0.0
0.0
0.0
0.0
0.0
0.0
0.0
0.0
0.0
0.0
0.0
0.0
0.0
0.0
0.0
13.10167413548186
0.0
0.0
12.381465570279543
0.0
0.0
0.0
0.0
0.0
0.0
0.0
0.0
0.0
0.0
0.0
0.0
0.0
0.0
0.0
0.0
0.0
0.0
0.0
0.0
0.0
0.0
0.0
0.0
0.0
0.0
0.0
0.0
0.0
0.0
0.0
0.0
0.0
0.0
12.416262040694882
0.0
13.215043226820084
0.0
13.042543545678951
0.0
0.0
0.0
0.0
12.88784290932714
0.0
0.0
0.0
0.0
0.0
13.132871125585403
0.0
0.0
0.0
0.0
0.0
0.0
0.0
0.0
0.0
12.996440591381843
0.0
0.0
0.0
0.0
13.158162167063383
12.133395843852107
0.0
0.0
0.0
0.0
0.0
0.0
0.0
0.0
0.0
0.0
0.0
0.0
0.0
0.0
0.0
0.0
0.0
0.0
0.0
0.0
12.785649620729544
0.0
0.0
0.0
0.0
0.0
0.0
0.0
0.0
0.0
0.0
12.047127543244178
11.98700830685445
0.0
0.0
0.0
0.0
0.0
0.0
0.0
13.198855338947507
0.0
0.0
0.0
0.0
13.048422034573589
0.0
13.198255879082444
0.0
0.0
0.0
0.0
0.0
0.0
0.0
0.0
0.0
0.0
0.0
0.0
0.0
0.0
0.0
0.0
0.0
0.0
0.0
12.971686550271642
0.0
11.984232584338313
0.0
12.633346740047577
0.0
13.194861610376245
0.0
0.0
0.0
0.0
0.0
0.0
0.0
13.183681850020545
0.0
0.0
0.0
0.0
0.0
0.0
0.0
11.322277052094643
0.0
0.0
0.0
0.0
0.0
0.0
0.0
0.0
0.0
0.0
0.0
13.04878703356427
0.0
0.0
0.0
0.0
0.0
0.0
0.0
13.197061318623666
0.0
0.0
0.0
0.0
0.0
0.0
0.0
0.0
0.0
0.0
0.0
0.0
0.0
0.0
0.0
0.0
0.0
0.0
0.0
0.0
0.0
0.0
0.0
0.0
0.0
0.0
0.0
0.0
0.0
12.46439337775136
0.0
13.182666049382135
12.9250305374888
0.0
0.0
0.0
0.0
0.0
0.0
0.0
0.0
0.0
0.0
0.0
0.0
0.0
0.0
0.0
0.0
0.0
0.0
0.0
0.0
0.0
13.094703230397439
0.0
0.0
0.0
0.0
0.0
0.0
0.0
12.418422921022504
0.0
0.0
0.0
13.112362051287086
0.0
0.0
0.0
0.0
0.0
13.13441850729956
0.0
0.0
0.0
0.0
0.0
0.0
0.0
0.0
13.179869622528063
0.0
0.0
0.0
0.0
0.0
0.0
0.0
13.20309013337782
0.0
0.0
0.0
0.0
0.0
0.0
0.0
0.0
0.0
13.21199839160018
0.0
0.0
0.0
0.0
0.0
0.0
0.0
0.0
0.0
0.0
0.0
0.0
0.0
0.0
0.0
0.0
0.0
0.0
0.0
0.0
0.0
0.0
0.0
0.0
0.0
12.419210040616676
0.0
0.0
0.0
0.0
0.0
0.0
0.0
0.0
0.0
0.0
0.0
0.0
0.0
0.0
0.0
0.0
0.0
0.0
12.40133590935434
0.0
0.0
0.0
0.0
0.0
0.0
0.0
0.0
0.0
0.0
0.0
0.0
0.0
0.0
12.837591882571253
0.0
13.196094092137853
0.0
0.0
0.0
0.0
0.0
0.0
0.0
0.0
0.0
0.0
0.0
0.0
0.0
0.0
0.0
0.0
13.119699920041217
0.0
0.0
0.0
0.0
0.0
0.0
0.0
0.0
0.0
0.0
0.0
0.0
0.0
0.0
12.686294590736333
0.0
0.0
0.0
0.0
0.0
0.0
0.0
0.0
0.0
0.0
0.0
0.0
0.0
0.0
0.0
0.0
0.0
0.0
0.0
0.0
0.0
0.0
0.0
13.048949690212446
0.0
0.0
0.0
0.0
0.0
0.0
0.0
0.0
0.0
0.0
0.0
0.0
0.0
0.0
0.0
13.113096562941216
0.0
0.0
0.0
0.0
0.0
13.055916369375312
0.0
0.0
0.0
0.0
0.0
11.320523381161085
0.0
0.0
12.019058641399418
0.0
11.965922341717725
0.0
0.0
0.0
0.0
12.4002353020148
0.0
0.0
0.0
0.0
0.0
11.96295145621165
11.881206299440388
0.0
0.0
0.0
0.0
0.0
0.0
0.0
0.0
0.0
0.0
12.485245952713816
0.0
0.0
0.0
0.0
0.0
0.0
0.0
0.0
0.0
13.142003214659782
0.0
0.0
0.0
0.0
0.0
13.216453207620118
0.0
0.0
13.054642002081502
0.0
0.0
12.439830896726543
0.0
0.0
0.0
0.0
0.0
0.0
0.0
0.0
0.0
0.0
0.0
0.0
0.0
0.0
0.0
0.0
12.127224047075464
0.0
0.0
12.41747917326141
0.0
0.0
0.0
0.0
0.0
0.0
0.0
0.0
0.0
0.0
0.0
0.0
0.0
0.0
0.0
0.0
0.0
0.0
0.0
12.134452314797866
0.0
0.0
0.0
0.0
0.0
0.0
0.0
0.0
0.0
0.0
0.0
0.0
0.0
0.0
0.0
0.0
0.0
0.0
0.0
0.0
0.0
0.0
0.0
0.0
0.0
11.889992115353584
13.094258994137142
0.0
0.0
0.0
13.201851938102282
0.0
0.0
0.0
0.0
0.0
0.0
0.0
0.0
0.0
0.0
0.0
0.0
0.0
0.0
0.0
0.0
0.0
0.0
0.0
0.0
0.0
0.0
0.0
0.0
0.0
0.0
13.101178402999514
0.0
0.0
0.0
13.19271621804885
0.0
0.0
0.0
0.0
0.0
0.0
0.0
0.0
11.984779603192385
0.0
0.0
0.0
0.0
0.0
0.0
0.0
11.972290201414758
11.543395947737743
0.0
0.0
0.0
0.0
0.0
0.0
0.0
0.0
0.0
0.0
0.0
0.0
0.0
0.0
0.0
13.054315474971736
0.0
0.0
0.0
13.189816877321334
0.0
0.0
0.0
0.0
0.0
0.0
0.0
0.0
0.0
0.0
0.0
0.0
0.0
0.0
12.926272764544064
0.0
0.0
0.0
0.0
0.0
0.0
0.0
0.0
0.0
0.0
0.0
0.0
0.0
0.0
0.0
0.0
0.0
0.0
0.0
0.0
0.0
0.0
0.0
0.0
13.066216401042894
0.0
0.0
0.0
0.0
0.0
0.0
0.0
0.0
0.0
0.0
0.0
0.0
0.0
0.0
0.0
13.119520277159628
0.0
0.0
0.0
0.0
0.0
0.0
0.0
0.0
0.0
0.0
0.0
0.0
0.0
0.0
0.0
0.0
0.0
0.0
0.0
0.0
0.0
0.0
0.0
0.0
0.0
0.0
0.0
0.0
0.0
0.0
0.0
12.120262495762956
0.0
0.0
0.0
0.0
0.0
0.0
0.0
0.0
0.0
12.38223347382986
0.0
0.0
0.0
0.0
0.0
0.0
0.0
0.0
0.0
0.0
0.0
0.0
0.0
0.0
0.0
0.0
0.0
0.0
0.0
0.0
0.0
0.0
0.0
0.0
0.0
0.0
0.0
0.0
0.0
12.8991873205821
0.0
0.0
0.0
0.0
0.0
0.0
0.0
0.0
0.0
0.0
0.0
0.0
0.0
0.0
0.0
0.0
0.0
0.0
0.0
0.0
0.0
0.0
0.0
0.0
0.0
0.0
0.0
0.0
0.0
0.0
0.0
0.0
0.0
0.0
0.0
0.0
0.0
0.0
12.60884327228772
0.0
0.0
0.0
0.0
0.0
0.0
0.0
0.0
0.0
0.0
0.0
0.0
13.204162629418528
0.0
0.0
0.0
0.0
12.964439307134564
0.0
0.0
0.0
12.134088321209735
0.0
0.0
12.771650256569757
0.0
0.0
0.0
13.077447383107167
0.0
0.0
0.0
0.0
0.0
0.0
0.0
0.0
0.0
12.881466080244028
0.0
12.10825625651231
0.0
0.0
0.0
13.214379865354502
0.0
0.0
0.0
0.0
0.0
0.0
0.0
0.0
0.0
11.484563550035134
0.0
0.0
0.0
0.0
0.0
0.0
0.0
0.0
0.0
0.0
0.0
0.0
0.0
0.0
0.0
0.0
0.0
13.17572589652317
0.0
0.0
0.0
0.0
0.0
0.0
0.0
0.0
0.0
0.0
0.0
0.0
0.0
13.180268672753767
0.0
0.0
0.0
0.0
0.0
0.0
0.0
0.0
13.04635458645068
0.0
0.0
0.0
0.0
0.0
0.0
0.0
0.0
0.0
0.0
0.0
0.0
0.0
0.0
0.0
13.196076050888715
0.0
0.0
0.0
0.0
0.0
0.0
0.0
12.889002972390786
0.0
0.0
0.0
0.0
0.0
0.0
0.0
0.0
0.0
0.0
0.0
0.0
0.0
0.0
0.0
0.0
0.0
0.0
0.0
13.18214184642177
11.821217551047347
0.0
0.0
0.0
0.0
0.0
0.0
0.0
0.0
0.0
0.0
0.0
0.0
0.0
0.0
0.0
0.0
13.201428846133808
0.0
0.0
0.0
0.0
0.0
0.0
13.053101010280423
0.0
0.0
0.0
12.450083892324493
12.087279739572413
0.0
0.0
0.0
0.0
0.0
0.0
0.0
0.0
0.0
0.0
0.0
0.0
0.0
0.0
0.0
0.0
0.0
0.0
0.0
0.0
0.0
0.0
0.0
13.208634962596925
0.0
0.0
0.0
0.0
0.0
0.0
0.0
0.0
0.0
0.0
13.014620416601995
0.0
0.0
0.0
0.0
0.0
0.0
0.0
0.0
0.0
0.0
13.048663247051069
0.0
0.0
0.0
0.0
0.0
0.0
0.0
0.0
0.0
0.0
0.0
0.0
13.056179328368358
11.963749206736331
0.0
0.0
0.0
0.0
0.0
0.0
0.0
0.0
0.0
0.0
13.183414834047143
0.0
0.0
0.0
0.0
0.0
0.0
0.0
0.0
0.0
0.0
13.21509696677205
0.0
0.0
0.0
0.0
0.0
0.0
0.0
0.0
0.0
0.0
0.0
0.0
0.0
0.0
0.0
0.0
13.062854271731078
0.0
0.0
0.0
12.399704421996718
0.0
0.0
0.0
0.0
0.0
0.0
0.0
0.0
0.0
0.0
0.0
0.0
0.0
0.0
0.0
13.193976808820848
0.0
0.0
0.0
0.0
13.181047929183
0.0
13.118119919706343
0.0
0.0
0.0
0.0
0.0
11.337366898208595
0.0
13.126466434088115
0.0
0.0
0.0
12.740573284085707
0.0
0.0
0.0
0.0
0.0
0.0
0.0
0.0
0.0
0.0
0.0
0.0
13.202915283326906
13.174830194158893
0.0
0.0
0.0
0.0
0.0
0.0
0.0
0.0
0.0
0.0
0.0
0.0
0.0
12.1224951427955
0.0
0.0
0.0
0.0
0.0
0.0
0.0
0.0
0.0
0.0
12.08261125019776
13.17921573147495
12.121227613189367
0.0
13.071654115832255
0.0
13.086622250565947
0.0
11.968454434616557
0.0
0.0
0.0
0.0
0.0
12.420276815870437
0.0
0.0
0.0
0.0
0.0
0.0
0.0
0.0
0.0
0.0
0.0
0.0
0.0
0.0
0.0
0.0
0.0
0.0
0.0
0.0
0.0
0.0
0.0
0.0
0.0
0.0
11.964945350056984
0.0
0.0
0.0
0.0
13.215382713929214
0.0
0.0
0.0
0.0
0.0
0.0
0.0
0.0
0.0
0.0
0.0
0.0
0.0
0.0
0.0
0.0
0.0
0.0
0.0
0.0
0.0
0.0
0.0
0.0
0.0
0.0
0.0
0.0
0.0
12.874172919687863
11.3369903906077
0.0
0.0
0.0
0.0
0.0
12.415207054520575
0.0
0.0
0.0
0.0
12.403080652117998
0.0
0.0
0.0
12.396406925299033
0.0
0.0
0.0
0.0
0.0
12.877397477414672
0.0
0.0
0.0
0.0
0.0
0.0
13.065408268601837
0.0
0.0
0.0
0.0
0.0
0.0
0.0
0.0
0.0
0.0
0.0
0.0
0.0
0.0
0.0
0.0
0.0
0.0
0.0
0.0
0.0
0.0
0.0
0.0
0.0
0.0
11.98188079388284
0.0
0.0
0.0
0.0
0.0
0.0
0.0
0.0
0.0
0.0
0.0
0.0
0.0
0.0
0.0
0.0
13.201854886318783
0.0
0.0
0.0
13.053608323369087
0.0
0.0
0.0
0.0
0.0
0.0
0.0
0.0
0.0
0.0
0.0
0.0
11.320512954540872
0.0
0.0
0.0
0.0
0.0
0.0
0.0
0.0
0.0
0.0
0.0
0.0
0.0
0.0
0.0
13.159990453450632
0.0
0.0
0.0
0.0
0.0
0.0
0.0
0.0
0.0
0.0
0.0
13.047797521971235
0.0
0.0
0.0
0.0
0.0
0.0
0.0
12.134473778456087
0.0
0.0
0.0
0.0
0.0
0.0
0.0
0.0
0.0
0.0
0.0
0.0
0.0
12.402903461305755
0.0
0.0
0.0
0.0
0.0
0.0
0.0
0.0
0.0
0.0
0.0
0.0
0.0
0.0
0.0
0.0
0.0
0.0
0.0
0.0
0.0
0.0
0.0
0.0
0.0
0.0
0.0
0.0
13.143236616654864
0.0
0.0
0.0
12.408418867113562
0.0
0.0
0.0
0.0
0.0
12.067444972493696
0.0
0.0
12.415278394350938
0.0
0.0
12.091283164569234
0.0
0.0
0.0
0.0
0.0
0.0
0.0
12.958584176062274
0.0
0.0
0.0
12.977624012335646
0.0
0.0
0.0
0.0
0.0
0.0
0.0
0.0
13.091763241117194
0.0
12.404703068460028
0.0
0.0
0.0
0.0
0.0
13.047848799384953
0.0
0.0
0.0
0.0
0.0
0.0
0.0
0.0
13.016538974128173
12.40060819637661
0.0
0.0
0.0
0.0
0.0
0.0
0.0
0.0
0.0
0.0
0.0
0.0
0.0
0.0
0.0
0.0
0.0
0.0
0.0
0.0
0.0
0.0
0.0
0.0
12.397942634837
0.0
11.32351771954721
0.0
13.214879291868833
0.0
13.062869917770513
0.0
0.0
0.0
0.0
0.0
0.0
0.0
0.0
0.0
0.0
0.0
0.0
0.0
0.0
0.0
0.0
13.082966410953295
0.0
13.201294948757777
0.0
0.0
0.0
13.189061201601326
0.0
0.0
0.0
0.0
11.338306820737197
13.216558359888406
0.0
13.051433794659488
12.413544575874175
0.0
0.0
0.0
0.0
0.0
0.0
0.0
0.0
0.0
0.0
0.0
0.0
0.0
0.0
0.0
0.0
0.0
0.0
0.0
0.0
0.0
0.0
13.037243844866348
0.0
0.0
0.0
12.403607829736286
0.0
11.726109127001676
0.0
0.0
0.0
0.0
0.0
0.0
0.0
0.0
0.0
11.981027860966572
0.0
0.0
11.998711053541804
0.0
0.0
0.0
0.0
13.2002599487182
0.0
0.0
0.0
0.0
0.0
0.0
13.048527699439967
0.0
0.0
13.198404306957736
0.0
0.0
13.165443641000167
0.0
0.0
0.0
0.0
12.749797376388193
13.042948690823861
0.0
0.0
0.0
0.0
0.0
0.0
0.0
0.0
0.0
0.0
0.0
0.0
0.0
0.0
0.0
0.0
0.0
0.0
13.046060715587544
0.0
13.025339917567981
0.0
0.0
13.174824539570295
0.0
0.0
0.0
0.0
0.0
0.0
0.0
0.0
0.0
0.0
0.0
0.0
0.0
0.0
11.987517442734589
0.0
0.0
0.0
0.0
0.0
0.0
0.0
0.0
0.0
0.0
0.0
0.0
0.0
0.0
0.0
0.0
0.0
0.0
0.0
0.0
0.0
0.0
0.0
0.0
12.40234091801783
0.0
0.0
0.0
0.0
13.180922990523593
0.0
0.0
0.0
0.0
0.0
0.0
12.083075732885765
0.0
0.0
0.0
0.0
0.0
13.107380228819487
0.0
0.0
0.0
0.0
0.0
0.0
0.0
0.0
0.0
0.0
0.0
0.0
0.0
0.0
0.0
0.0
0.0
0.0
0.0
0.0
0.0
0.0
11.337392002704396
13.17645652127188
0.0
0.0
0.0
0.0
0.0
0.0
0.0
0.0
0.0
0.0
0.0
13.046649533440235
0.0
0.0
0.0
0.0
0.0
0.0
12.36314891008578
0.0
0.0
0.0
0.0
0.0
0.0
13.04730374066955
0.0
0.0
0.0
0.0
0.0
0.0
0.0
0.0
0.0
0.0
0.0
0.0
0.0
0.0
0.0
0.0
0.0
0.0
0.0
0.0
0.0
0.0
0.0
0.0
0.0
0.0
0.0
0.0
0.0
0.0
0.0
0.0
0.0
0.0
11.978710194262364
0.0
0.0
0.0
0.0
0.0
0.0
0.0
0.0
12.401280251855342
0.0
0.0
0.0
0.0
11.90027075496776
13.118897942989888
0.0
0.0
0.0
0.0
0.0
0.0
0.0
0.0
0.0
0.0
13.108456401512896
0.0
0.0
0.0
0.0
0.0
0.0
0.0
0.0
0.0
12.724287310296512
0.0
0.0
0.0
13.176029111716554
0.0
0.0
0.0
0.0
0.0
11.983404256777424
0.0
0.0
13.063467381239914
0.0
0.0
0.0
0.0
0.0
11.444006405694235
0.0
0.0
0.0
0.0
0.0
11.966310070024896
0.0
0.0
0.0
0.0
0.0
0.0
0.0
13.215807042365489
11.626627882038763
11.989524226262347
0.0
0.0
0.0
0.0
0.0
0.0
0.0
0.0
0.0
0.0
0.0
0.0
11.983247562123283
0.0
0.0
0.0
0.0
0.0
0.0
0.0
0.0
0.0
0.0
0.0
0.0
0.0
0.0
0.0
0.0
0.0
0.0
0.0
0.0
11.336142157834143
0.0
0.0
0.0
0.0
0.0
0.0
11.336979918399214
12.418094622550043
0.0
12.41372952270877
0.0
0.0
0.0
12.41739662772447
0.0
0.0
0.0
0.0
0.0
0.0
0.0
0.0
13.159232728742547
0.0
0.0
0.0
0.0
0.0
0.0
0.0
0.0
13.164336242717848
0.0
0.0
0.0
0.0
11.389650735298375
0.0
0.0
0.0
0.0
0.0
0.0
0.0
0.0
13.034354092860879
0.0
0.0
0.0
0.0
0.0
0.0
0.0
0.0
0.0
0.0
0.0
0.0
0.0
0.0
0.0
0.0
0.0
0.0
0.0
12.41867078759992
0.0
0.0
0.0
0.0
0.0
0.0
0.0
0.0
0.0
0.0
0.0
0.0
0.0
0.0
0.0
0.0
0.0
0.0
0.0
0.0
0.0
0.0
0.0
0.0
0.0
12.41868197492124
0.0
0.0
0.0
12.40020611248962
0.0
0.0
0.0
0.0
0.0
0.0
0.0
0.0
0.0
0.0
0.0
0.0
0.0
12.508661009282406
13.04850548429948
0.0
0.0
0.0
0.0
0.0
0.0
0.0
0.0
0.0
0.0
0.0
0.0
13.180246946940528
0.0
0.0
0.0
0.0
0.0
0.0
0.0
0.0
0.0
0.0
0.0
0.0
0.0
0.0
0.0
0.0
13.060727057042628
0.0
0.0
0.0
0.0
0.0
0.0
0.0
0.0
0.0
0.0
0.0
0.0
13.046492384971197
0.0
0.0
0.0
0.0
0.0
13.148866476346798
0.0
0.0
0.0
0.0
0.0
0.0
0.0
0.0
0.0
0.0
12.402363244177382
0.0
0.0
0.0
13.047113514555164
0.0
0.0
0.0
0.0
0.0
11.308389638000213
0.0
0.0
0.0
0.0
0.0
12.416676071663822
0.0
12.368649529821296
0.0
0.0
0.0
0.0
0.0
12.09269200979027
0.0
0.0
0.0
0.0
0.0
0.0
0.0
0.0
0.0
12.734084439668036
0.0
0.0
0.0
0.0
0.0
0.0
0.0
0.0
0.0
12.821533353890247
12.365757031183024
0.0
0.0
0.0
0.0
0.0
0.0
13.202654757424337
0.0
0.0
0.0
0.0
0.0
0.0
0.0
0.0
0.0
0.0
0.0
0.0
0.0
0.0
0.0
0.0
0.0
0.0
0.0
0.0
0.0
0.0
0.0
0.0
0.0
0.0
0.0
0.0
0.0
0.0
0.0
0.0
0.0
0.0
0.0
0.0
0.0
0.0
0.0
0.0
0.0
0.0
12.40243102107185
0.0
0.0
0.0
0.0
0.0
0.0
0.0
12.70830011607959
0.0
0.0
11.33742964987394
13.165589587519989
0.0
0.0
13.199096839287535
0.0
13.13479435564621
13.17061849621007
0.0
0.0
0.0
0.0
0.0
0.0
0.0
0.0
0.0
0.0
0.0
0.0
13.053574498339307
0.0
0.0
0.0
0.0
0.0
0.0
0.0
0.0
0.0
0.0
0.0
0.0
0.0
0.0
0.0
0.0
0.0
0.0
13.064619298091097
0.0
0.0
0.0
0.0
13.211156907065591
0.0
0.0
0.0
0.0
13.215404606157012
0.0
0.0
0.0
0.0
0.0
0.0
0.0
0.0
0.0
0.0
13.086000229404533
0.0
0.0
0.0
0.0
12.418524067059616
0.0
0.0
0.0
0.0
0.0
0.0
0.0
0.0
0.0
0.0
0.0
0.0
0.0
0.0
0.0
0.0
0.0
0.0
0.0
0.0
0.0
0.0
0.0
0.0
0.0
0.0
0.0
0.0
0.0
0.0
0.0
0.0
0.0
0.0
0.0
0.0
0.0
0.0
0.0
0.0
0.0
0.0
0.0
0.0
0.0
13.121621708318893
0.0
0.0
0.0
0.0
0.0
12.400308474942138
0.0
0.0
0.0
0.0
0.0
0.0
12.11216921281654
0.0
0.0
0.0
0.0
0.0
0.0
0.0
0.0
0.0
0.0
0.0
0.0
13.218313100389837
0.0
0.0
13.11690802488378
0.0
0.0
0.0
0.0
13.216573011434846
0.0
0.0
12.133258116276481
0.0
11.922478023686816
0.0
0.0
0.0
0.0
0.0
0.0
0.0
0.0
0.0
13.21741980041019
0.0
0.0
0.0
0.0
0.0
0.0
0.0
0.0
0.0
0.0
0.0
0.0
0.0
0.0
0.0
0.0
12.823123583861554
0.0
0.0
0.0
0.0
0.0
0.0
0.0
0.0
0.0
0.0
13.213729106306348
0.0
0.0
0.0
0.0
0.0
0.0
0.0
0.0
0.0
0.0
0.0
0.0
13.205684206809542
0.0
11.353081884673419
0.0
0.0
0.0
0.0
0.0
0.0
0.0
0.0
0.0
0.0
0.0
0.0
0.0
12.95146187806248
0.0
0.0
12.402702584458215
0.0
0.0
0.0
0.0
0.0
0.0
0.0
12.59073802273272
0.0
0.0
0.0
0.0
0.0
0.0
0.0
0.0
0.0
0.0
0.0
0.0
0.0
0.0
0.0
0.0
11.338298758744921
0.0
0.0
13.044654043458431
0.0
0.0
0.0
0.0
0.0
0.0
0.0
0.0
0.0
0.0
0.0
0.0
0.0
0.0
0.0
0.0
0.0
0.0
0.0
0.0
12.72783024649977
0.0
0.0
0.0
0.0
0.0
0.0
0.0
11.964959787016772
0.0
0.0
0.0
0.0
0.0
0.0
0.0
0.0
0.0
0.0
0.0
0.0
0.0
0.0
0.0
0.0
0.0
0.0
0.0
0.0
0.0
0.0
0.0
0.0
0.0
0.0
0.0
0.0
0.0
0.0
0.0
0.0
0.0
0.0
0.0
0.0
0.0
0.0
0.0
0.0
0.0
0.0
0.0
0.0
0.0
0.0
0.0
13.21456771658584
0.0
0.0
0.0
0.0
0.0
0.0
0.0
0.0
0.0
0.0
0.0
13.134178276295955
0.0
0.0
0.0
13.074029132418438
0.0
0.0
12.648151318341561
0.0
0.0
0.0
0.0
0.0
0.0
0.0
0.0
0.0
11.56178919524964
0.0
0.0
0.0
0.0
13.196424455942992
0.0
0.0
0.0
0.0
0.0
0.0
0.0
0.0
12.121296578756397
0.0
0.0
0.0
0.0
0.0
0.0
0.0
0.0
0.0
0.0
0.0
0.0
0.0
0.0
0.0
0.0
0.0
0.0
0.0
0.0
0.0
0.0
13.216724280411094
0.0
0.0
0.0
0.0
0.0
0.0
12.135682968319829
13.115799547380462
0.0
0.0
0.0
0.0
0.0
0.0
0.0
12.402575726463384
0.0
11.983857665993257
0.0
12.396786831254227
0.0
0.0
0.0
11.98232598055994
0.0
0.0
0.0
0.0
0.0
0.0
0.0
0.0
0.0
12.38175403740562
13.19869313096102
0.0
0.0
0.0
0.0
0.0
13.063424117552147
0.0
0.0
12.007689569805462
0.0
0.0
0.0
0.0
0.0
0.0
0.0
0.0
0.0
0.0
0.0
0.0
0.0
0.0
0.0
0.0
0.0
0.0
0.0
0.0
0.0
0.0
0.0
0.0
0.0
0.0
0.0
0.0
0.0
0.0
0.0
0.0
0.0
13.182216437612686
0.0
0.0
13.20080450115979
0.0
0.0
0.0
0.0
12.746106128502827
0.0
0.0
0.0
0.0
0.0
0.0
0.0
0.0
0.0
0.0
0.0
0.0
0.0
0.0
0.0
0.0
0.0
0.0
0.0
0.0
0.0
0.0
0.0
13.199056507069743
0.0
0.0
12.417240069688914
12.397735554618478
0.0
0.0
0.0
13.064915516608483
0.0
0.0
0.0
0.0
0.0
0.0
0.0
13.21903113965082
0.0
0.0
12.118986996346585
0.0
0.0
0.0
0.0
0.0
0.0
0.0
0.0
0.0
0.0
0.0
12.13507263263307
13.077388685711147
0.0
0.0
0.0
0.0
0.0
0.0
0.0
0.0
0.0
0.0
0.0
0.0
0.0
0.0
0.0
0.0
0.0
0.0
0.0
0.0
0.0
0.0
0.0
0.0
0.0
0.0
0.0
0.0
0.0
11.998404772298331
0.0
0.0
0.0
0.0
0.0
0.0
13.047073237826012
0.0
0.0
0.0
13.175459517702022
0.0
0.0
0.0
0.0
0.0
0.0
0.0
11.322278230700826
0.0
0.0
0.0
0.0
0.0
0.0
0.0
0.0
11.344590096633137
0.0
0.0
0.0
0.0
0.0
0.0
0.0
0.0
0.0
0.0
0.0
0.0
0.0
12.416435651072323
0.0
0.0
0.0
0.0
0.0
11.981979900297196
0.0
0.0
0.0
0.0
0.0
0.0
0.0
0.0
13.106998265590667
0.0
0.0
0.0
0.0
0.0
0.0
0.0
0.0
0.0
0.0
0.0
0.0
0.0
0.0
0.0
0.0
12.906573664367757
0.0
0.0
0.0
0.0
0.0
0.0
0.0
0.0
12.120641608984714
13.216118619727729
0.0
0.0
0.0
0.0
0.0
0.0
0.0
0.0
0.0
0.0
13.21316871756134
0.0
0.0
0.0
0.0
0.0
0.0
0.0
0.0
0.0
0.0
13.175173932383117
0.0
0.0
0.0
0.0
0.0
0.0
0.0
0.0
0.0
0.0
0.0
12.135124389337486
0.0
0.0
0.0
0.0
0.0
13.198572931411087
0.0
0.0
11.890651532839636
0.0
0.0
0.0
0.0
0.0
0.0
0.0
0.0
0.0
0.0
0.0
0.0
0.0
0.0
13.06186653029003
0.0
0.0
11.320514059111938
0.0
0.0
0.0
0.0
0.0
0.0
0.0
0.0
0.0
0.0
0.0
0.0
0.0
0.0
0.0
0.0
0.0
13.11327719000492
0.0
0.0
0.0
0.0
0.0
0.0
0.0
0.0
0.0
13.049054557542851
0.0
0.0
0.0
0.0
12.50461952147559
0.0
0.0
0.0
0.0
0.0
0.0
0.0
0.0
13.206643398533817
0.0
0.0
0.0
0.0
0.0
0.0
0.0
0.0
0.0
12.400899642199683
0.0
0.0
0.0
0.0
0.0
0.0
12.383498925652141
0.0
0.0
0.0
0.0
0.0
0.0
0.0
0.0
0.0
0.0
0.0
0.0
0.0
0.0
0.0
0.0
0.0
0.0
0.0
0.0
0.0
0.0
0.0
0.0
0.0
0.0
0.0
0.0
0.0
0.0
0.0
0.0
0.0
0.0
0.0
0.0
0.0
0.0
0.0
0.0
0.0
0.0
0.0
13.198634822980837
0.0
13.169724635668093
0.0
0.0
0.0
13.016442483332831
0.0
0.0
12.400309654928583
0.0
0.0
0.0
0.0
0.0
0.0
0.0
0.0
0.0
0.0
13.198225709822449
0.0
0.0
0.0
13.200087666664203
12.909274280576398
0.0
0.0
0.0
0.0
0.0
0.0
0.0
0.0
0.0
0.0
0.0
0.0
0.0
0.0
0.0
0.0
0.0
0.0
0.0
12.119627208003575
0.0
0.0
0.0
0.0
0.0
0.0
0.0
0.0
0.0
0.0
0.0
0.0
0.0
12.495605689393983
0.0
0.0
0.0
0.0
0.0
0.0
0.0
13.190583801318338
0.0
0.0
12.135113965201393
12.96933886440436
13.217790037219265
0.0
0.0
0.0
0.0
12.343902272244533
0.0
12.415079980619984
12.134370688991341
0.0
0.0
0.0
0.0
0.0
0.0
0.0
0.0
0.0
0.0
13.200318054490317
0.0
12.384119107273191
11.424341533535465
0.0
0.0
11.307553857520839
0.0
0.0
0.0
0.0
0.0
0.0
0.0
0.0
13.187166769809258
0.0
0.0
11.959615128013903
0.0
0.0
0.0
0.0
0.0
0.0
0.0
0.0
0.0
11.337431357873893
11.322244722813048
0.0
13.031994578300354
0.0
0.0
0.0
0.0
0.0
0.0
0.0
0.0
0.0
0.0
0.0
0.0
0.0
0.0
0.0
0.0
0.0
0.0
0.0
0.0
0.0
0.0
0.0
0.0
0.0
0.0
0.0
0.0
0.0
0.0
0.0
0.0
0.0
0.0
0.0
0.0
0.0
0.0
0.0
0.0
0.0
0.0
0.0
0.0
0.0
0.0
13.028716762678842
0.0
0.0
0.0
0.0
13.01913503844004
0.0
13.12922938682524
0.0
0.0
0.0
0.0
0.0
11.308418706349947
0.0
0.0
0.0
0.0
0.0
0.0
0.0
0.0
0.0
0.0
0.0
0.0
0.0
0.0
0.0
13.151184824535168
11.923627059459609
0.0
0.0
0.0
0.0
13.030915891963058
12.4012184341571
0.0
0.0
0.0
0.0
0.0
0.0
0.0
0.0
0.0
11.353053717648846
12.977847126249946
0.0
0.0
0.0
12.383986434039201
0.0
0.0
0.0
0.0
0.0
0.0
0.0
0.0
0.0
0.0
13.213813565367643
0.0
0.0
0.0
0.0
0.0
13.16955718781794
0.0
0.0
0.0
0.0
0.0
0.0
0.0
13.216655512808918
0.0
13.183430994216907
12.381957101697491
0.0
0.0
0.0
0.0
0.0
11.966184126740288
0.0
0.0
0.0
0.0
0.0
0.0
0.0
0.0
0.0
0.0
0.0
0.0
0.0
0.0
0.0
0.0
0.0
0.0
0.0
13.20193334894201
0.0
0.0
0.0
0.0
0.0
0.0
12.403093850290505
0.0
0.0
11.412493091345894
11.465735909792574
13.037317962288338
0.0
0.0
0.0
0.0
0.0
0.0
0.0
0.0
0.0
0.0
0.0
12.588694526426947
0.0
0.0
0.0
0.0
0.0
0.0
0.0
0.0
0.0
0.0
0.0
0.0
0.0
0.0
0.0
0.0
0.0
0.0
0.0
0.0
0.0
0.0
13.21793858758181
0.0
0.0
0.0
0.0
0.0
0.0
13.0893348603962
0.0
0.0
0.0
0.0
0.0
0.0
0.0
0.0
0.0
0.0
0.0
0.0
0.0
0.0
0.0
0.0
0.0
0.0
0.0
0.0
0.0
0.0
0.0
0.0
0.0
0.0
0.0
0.0
12.070005202148808
0.0
0.0
0.0
0.0
0.0
0.0
0.0
0.0
0.0
0.0
0.0
0.0
0.0
0.0
0.0
0.0
0.0
0.0
0.0
0.0
0.0
0.0
13.024488033363959
0.0
0.0
0.0
11.336471421288747
0.0
0.0
0.0
0.0
0.0
0.0
0.0
13.109707816777124
0.0
0.0
11.320514370883906
0.0
0.0
0.0
0.0
0.0
0.0
0.0
0.0
13.183427670123361
0.0
0.0
0.0
0.0
0.0
0.0
0.0
13.216468627443636
0.0
13.21235495379638
0.0
0.0
0.0
0.0
0.0
13.130033674142743
0.0
0.0
0.0
0.0
0.0
13.046860234209396
0.0
0.0
0.0
0.0
0.0
0.0
0.0
0.0
0.0
0.0
0.0
13.090755650039686
0.0
0.0
0.0
0.0
0.0
0.0
0.0
0.0
0.0
0.0
0.0
0.0
0.0
0.0
0.0
11.323513239496446
0.0
0.0
13.164850507185973
0.0
0.0
0.0
0.0
0.0
0.0
0.0
0.0
12.120146898509432
0.0
0.0
0.0
0.0
0.0
13.031318636177549
0.0
13.103041853098194
0.0
0.0
0.0
0.0
12.40263330151821
13.049261195260142
0.0
0.0
0.0
11.747324314155993
0.0
0.0
0.0
13.02993567585846
0.0
0.0
0.0
13.144470688939581
0.0
0.0
0.0
13.144434737457127
0.0
0.0
0.0
0.0
0.0
0.0
11.986577110325943
0.0
0.0
0.0
0.0
12.403817799266964
0.0
0.0
0.0
0.0
0.0
0.0
0.0
0.0
0.0
0.0
0.0
0.0
11.336540022912528
0.0
0.0
0.0
0.0
0.0
0.0
0.0
0.0
0.0
0.0
13.199088038293342
0.0
0.0
0.0
0.0
0.0
0.0
0.0
12.380631310958332
0.0
0.0
0.0
0.0
0.0
0.0
0.0
0.0
13.033146572111775
0.0
0.0
0.0
0.0
0.0
11.336158395978106
0.0
0.0
0.0
13.147746508426048
12.135659175674137
0.0
0.0
0.0
0.0
0.0
0.0
0.0
0.0
0.0
0.0
0.0
0.0
0.0
0.0
0.0
0.0
0.0
0.0
0.0
0.0
12.064762621485283
0.0
0.0
12.910365015440934
0.0
0.0
13.171360808886728
0.0
0.0
13.032141796946837
0.0
13.104140516110007
0.0
0.0
0.0
0.0
0.0
0.0
0.0
0.0
0.0
13.192129948147327
0.0
0.0
13.067828197877162
0.0
0.0
0.0
0.0
0.0
0.0
12.133535589451053
0.0
0.0
0.0
0.0
0.0
0.0
0.0
12.135876281265348
0.0
0.0
0.0
0.0
0.0
0.0
0.0
12.582863330103486
0.0
0.0
0.0
0.0
0.0
0.0
0.0
0.0
0.0
12.401706854539501
0.0
0.0
0.0
0.0
0.0
0.0
0.0
0.0
0.0
0.0
0.0
0.0
0.0
0.0
13.049181784940064
0.0
0.0
12.416709363648076
0.0
0.0
0.0
0.0
0.0
0.0
0.0
0.0
0.0
0.0
0.0
0.0
0.0
0.0
0.0
0.0
0.0
13.171139349920582
0.0
0.0
0.0
0.0
0.0
0.0
0.0
0.0
0.0
0.0
0.0
13.02249571725683
0.0
0.0
0.0
0.0
0.0
0.0
0.0
0.0
0.0
0.0
0.0
13.063053532152717
0.0
13.109950671245505
12.742994391073138
0.0
0.0
0.0
0.0
0.0
12.128258207395527
0.0
12.0902047716407
0.0
0.0
0.0
0.0
0.0
0.0
11.958381188870105
0.0
0.0
0.0
0.0
0.0
0.0
0.0
0.0
0.0
0.0
0.0
0.0
0.0
0.0
0.0
0.0
0.0
0.0
0.0
0.0
0.0
0.0
0.0
0.0
0.0
11.308409834176292
0.0
0.0
11.961939939727895
0.0
0.0
0.0
12.404180666906024
11.940870373195759
0.0
13.07019454766432
0.0
0.0
0.0
0.0
0.0
0.0
11.998620113268636
0.0
0.0
0.0
0.0
0.0
0.0
0.0
0.0
0.0
0.0
0.0
0.0
0.0
13.031950744902188
0.0
0.0
0.0
0.0
0.0
0.0
0.0
0.0
0.0
0.0
11.984448552297517
13.198622172642349
0.0
0.0
0.0
12.850690002201414
0.0
12.573769248288341
0.0
0.0
0.0
0.0
0.0
0.0
0.0
0.0
13.215286555075059
0.0
0.0
0.0
0.0
0.0
0.0
0.0
0.0
0.0
12.419262599612939
0.0
0.0
0.0
0.0
0.0
0.0
0.0
0.0
12.134177091472864
0.0
0.0
0.0
0.0
0.0
0.0
0.0
0.0
11.336509189717628
0.0
0.0
0.0
0.0
0.0
0.0
0.0
0.0
0.0
0.0
13.049102050619293
0.0
0.0
0.0
0.0
0.0
0.0
12.047744872578965
0.0
0.0
11.321396446541073
0.0
0.0
0.0
0.0
0.0
0.0
0.0
0.0
0.0
0.0
0.0
0.0
0.0
11.320497504813314
0.0
0.0
0.0
0.0
12.046268241899131
0.0
13.047365944637109
12.882173818425395
11.337420171299474
0.0
0.0
0.0
0.0
0.0
0.0
0.0
0.0
0.0
0.0
0.0
0.0
0.0
0.0
0.0
0.0
0.0
0.0
0.0
0.0
0.0
0.0
0.0
12.509738033891058
0.0
0.0
0.0
0.0
13.06480869458094
0.0
0.0
0.0
0.0
13.053749996778754
0.0
0.0
12.824073933405208
0.0
0.0
0.0
0.0
11.321409263174136
0.0
0.0
0.0
12.381758035561527
0.0
13.109692285473173
0.0
0.0
12.100747497242718
0.0
0.0
0.0
0.0
0.0
0.0
0.0
0.0
0.0
0.0
0.0
0.0
0.0
0.0
0.0
0.0
0.0
0.0
0.0
0.0
0.0
0.0
0.0
13.119351776463056
0.0
0.0
0.0
0.0
0.0
11.32227910544041
0.0
0.0
0.0
0.0
0.0
13.215981849507916
0.0
12.402821744770677
0.0
0.0
0.0
0.0
0.0
0.0
0.0
13.188734139863561
0.0
0.0
0.0
13.004965806271434
0.0
0.0
13.139864452815502
0.0
0.0
0.0
0.0
0.0
0.0
0.0
12.048681330356164
0.0
0.0
0.0
0.0
0.0
12.401336074517058
0.0
0.0
0.0
0.0
0.0
0.0
0.0
0.0
0.0
0.0
0.0
0.0
0.0
0.0
0.0
0.0
0.0
12.120323729417253
0.0
0.0
0.0
0.0
0.0
0.0
0.0
0.0
0.0
0.0
11.989704116520457
0.0
0.0
0.0
0.0
0.0
0.0
13.179013732900899
13.135892062258288
0.0
0.0
0.0
12.41541151959348
0.0
0.0
0.0
0.0
0.0
13.134068791817375
0.0
0.0
0.0
0.0
0.0
0.0
0.0
0.0
0.0
0.0
0.0
0.0
0.0
0.0
0.0
0.0
0.0
0.0
0.0
12.994729759866122
0.0
0.0
0.0
13.076583806676146
12.381608608246978
0.0
0.0
0.0
0.0
0.0
0.0
0.0
0.0
0.0
0.0
0.0
0.0
0.0
0.0
0.0
0.0
0.0
0.0
0.0
0.0
0.0
0.0
0.0
0.0
0.0
0.0
13.163469903922001
13.21647971390035
0.0
0.0
12.400349796015211
0.0
0.0
0.0
0.0
12.004271314597807
0.0
0.0
0.0
0.0
0.0
0.0
0.0
0.0
0.0
0.0
0.0
0.0
12.85377362956055
0.0
0.0
0.0
0.0
0.0
0.0
0.0
0.0
0.0
0.0
0.0
0.0
0.0
0.0
0.0
0.0
0.0
13.100662226834364
0.0
0.0
0.0
0.0
0.0
0.0
12.402952285011683
0.0
0.0
0.0
0.0
0.0
0.0
0.0
0.0
0.0
13.063832947707306
0.0
0.0
12.417611577198764
0.0
0.0
0.0
0.0
0.0
0.0
0.0
0.0
0.0
0.0
0.0
0.0
0.0
0.0
0.0
0.0
13.2145154741566
13.151273282116852
0.0
0.0
0.0
0.0
0.0
0.0
0.0
13.211335935020005
13.045745035292946
0.0
0.0
0.0
0.0
0.0
0.0
0.0
0.0
0.0
0.0
0.0
0.0
0.0
0.0
0.0
0.0
0.0
0.0
0.0
0.0
0.0
13.115816366497056
0.0
0.0
0.0
0.0
13.180730464475978
12.417648163516995
0.0
0.0
0.0
0.0
0.0
0.0
0.0
0.0
11.897637737120963
0.0
0.0
13.020406878232484
0.0
0.0
0.0
0.0
0.0
0.0
0.0
0.0
11.35220233986797
13.18128653033651
0.0
12.416881756155314
0.0
0.0
0.0
0.0
0.0
0.0
0.0
0.0
0.0
0.0
0.0
0.0
0.0
0.0
0.0
0.0
0.0
0.0
0.0
0.0
0.0
0.0
0.0
0.0
0.0
0.0
0.0
0.0
0.0
0.0
13.197436606811964
0.0
0.0
0.0
0.0
0.0
0.0
0.0
0.0
0.0
0.0
0.0
0.0
0.0
0.0
0.0
0.0
13.202502148039926
0.0
0.0
0.0
0.0
0.0
0.0
0.0
0.0
0.0
0.0
0.0
0.0
0.0
0.0
0.0
0.0
0.0
0.0
0.0
0.0
0.0
0.0
0.0
0.0
0.0
0.0
0.0
0.0
13.181231107002922
0.0
0.0
0.0
0.0
0.0
0.0
0.0
0.0
0.0
0.0
0.0
0.0
0.0
13.169188280609324
0.0
0.0
0.0
0.0
0.0
0.0
0.0
0.0
0.0
0.0
0.0
0.0
12.38202331319949
0.0
0.0
0.0
0.0
0.0
0.0
0.0
0.0
0.0
0.0
0.0
0.0
0.0
0.0
0.0
0.0
0.0
0.0
0.0
0.0
12.981611946396974
0.0
0.0
0.0
0.0
0.0
0.0
0.0
0.0
0.0
0.0
11.654378016341699
0.0
0.0
0.0
0.0
0.0
0.0
13.213861876011233
0.0
0.0
12.40448365340629
11.321369005710501
12.76417315065177
0.0
0.0
0.0
0.0
0.0
0.0
0.0
0.0
12.10768035565312
0.0
13.061879188778144
0.0
0.0
0.0
0.0
0.0
0.0
0.0
0.0
0.0
0.0
0.0
0.0
0.0
0.0
0.0
0.0
0.0
0.0
0.0
0.0
0.0
0.0
0.0
0.0
0.0
0.0
0.0
0.0
0.0
0.0
0.0
0.0
13.198254924550122
0.0
0.0
0.0
0.0
0.0
0.0
0.0
0.0
0.0
