0.0
0.0
0.0
0.0
0.0
0.0
0.0
0.0
0.0
0.0
0.0
9.860767512621445
0.0
0.0
0.0
0.0
11.621675016744664
0.0
0.0
11.090520868237496
12.549294692693085
0.0
0.0
0.0
0.0
0.0
0.0
12.242004685382065
11.884975831385699
0.0
0.0
12.0617770486306
0.0
11.582075141694794
12.012409450594236
0.0
0.0
0.0
11.520347633006159
0.0
0.0
0.0
0.0
0.0
0.0
11.90452108001483
0.0
0.0
0.0
0.0
0.0
0.0
10.58426684336727
0.0
0.0
0.0
0.0
0.0
0.0
0.0
0.0
0.0
0.0
0.0
0.0
13.06552122044542
0.0
0.0
0.0
0.0
0.0
0.0
11.735181180733763
0.0
12.632452247975976
0.0
0.0
12.764650918821749
0.0
0.0
0.0
0.0
0.0
0.0
11.565380282701035
0.0
0.0
0.0
0.0
10.298045079438712
0.0
0.0
0.0
0.0
0.0
0.0
0.0
0.0
12.064107468148833
0.0
0.0
0.0
0.0
0.0
0.0
12.545716620151138
0.0
11.947160384768228
0.0
0.0
0.0
0.0
0.0
0.0
0.0
11.489516459332565
0.0
11.786496812895656
0.0
0.0
11.094701688100836
0.0
11.3287305995322
0.0
0.0
0.0
0.0
0.0
0.0
0.0
0.0
0.0
0.0
0.0
0.0
0.0
0.0
0.0
0.0
0.0
0.0
0.0
0.0
0.0
0.0
0.0
0.0
10.028047729808359
11.969641440683239
0.0
0.0
0.0
0.0
0.0
0.0
0.0
0.0
0.0
0.0
0.0
0.0
0.0
0.0
12.571366481748992
0.0
0.0
10.630268804934119
0.0
0.0
12.33619824606967
0.0
0.0
0.0
0.0
0.0
0.0
12.434085915435231
11.499580571848682
0.0
0.0
11.504978549492078
11.632991097370933
0.0
0.0
0.0
0.0
0.0
0.0
0.0
0.0
0.0
0.0
0.0
0.0
0.0
0.0
11.741940468917036
0.0
0.0
0.0
11.451118560883117
0.0
0.0
0.0
0.0
0.0
0.0
0.0
0.0
0.0
0.0
0.0
0.0
0.0
0.0
0.0
0.0
0.0
0.0
0.0
9.984059077679106
0.0
0.0
0.0
0.0
0.0
0.0
0.0
0.0
0.0
0.0
0.0
0.0
0.0
0.0
0.0
0.0
0.0
11.865178059227622
0.0
0.0
0.0
0.0
0.0
0.0
0.0
0.0
0.0
0.0
0.0
0.0
0.0
0.0
0.0
0.0
11.565518706029739
0.0
0.0
0.0
0.0
0.0
0.0
0.0
0.0
0.0
0.0
0.0
0.0
0.0
0.0
0.0
0.0
0.0
0.0
0.0
0.0
0.0
0.0
0.0
0.0
0.0
0.0
0.0
0.0
0.0
0.0
0.0
0.0
12.600094402418708
0.0
11.200978521768969
0.0
0.0
0.0
0.0
11.319214600912357
11.920577025700632
0.0
0.0
0.0
0.0
0.0
10.014323755047052
0.0
0.0
0.0
0.0
0.0
0.0
0.0
0.0
0.0
0.0
0.0
0.0
0.0
0.0
0.0
0.0
0.0
0.0
0.0
11.436489770862643
0.0
0.0
0.0
0.0
0.0
0.0
0.0
0.0
0.0
0.0
0.0
0.0
0.0
12.12215290610359
0.0
0.0
0.0
0.0
11.837878215596675
0.0
0.0
0.0
11.80415867234961
0.0
0.0
0.0
0.0
0.0
0.0
0.0
0.0
0.0
0.0
0.0
0.0
0.0
0.0
0.0
0.0
0.0
0.0
0.0
0.0
0.0
0.0
0.0
0.0
0.0
0.0
0.0
0.0
0.0
11.907534014029844
0.0
0.0
10.924434610313286
10.65464169499449
0.0
11.810653715264342
0.0
0.0
0.0
0.0
0.0
10.36415272975685
0.0
0.0
0.0
0.0
0.0
0.0
0.0
0.0
0.0
0.0
0.0
0.0
0.0
0.0
0.0
0.0
0.0
0.0
0.0
11.27714611047804
0.0
0.0
0.0
0.0
0.0
0.0
0.0
0.0
0.0
11.586927812113943
0.0
0.0
12.975654467604745
0.0
0.0
11.609724572087098
11.552470903931185
0.0
0.0
0.0
0.0
0.0
0.0
0.0
0.0
0.0
0.0
0.0
0.0
0.0
0.0
0.0
0.0
0.0
0.0
0.0
0.0
0.0
0.0
0.0
0.0
0.0
0.0
11.947066599249029
0.0
12.116912544668196
0.0
0.0
0.0
12.666971003407621
0.0
0.0
0.0
11.53397827656158
0.0
0.0
0.0
0.0
0.0
0.0
0.0
0.0
0.0
0.0
0.0
0.0
0.0
0.0
0.0
0.0
0.0
0.0
12.228931548136776
0.0
0.0
0.0
0.0
0.0
0.0
0.0
0.0
0.0
0.0
0.0
0.0
0.0
11.681941176657396
0.0
0.0
0.0
0.0
9.657756571577384
0.0
0.0
0.0
0.0
12.626229472603015
0.0
0.0
0.0
0.0
0.0
0.0
0.0
0.0
0.0
0.0
0.0
0.0
0.0
0.0
0.0
0.0
0.0
0.0
0.0
0.0
0.0
0.0
0.0
0.0
0.0
11.648689612236886
0.0
0.0
11.075840826784361
0.0
0.0
11.546660861073702
0.0
0.0
0.0
11.08477028044259
0.0
0.0
0.0
0.0
0.0
0.0
0.0
0.0
0.0
0.0
0.0
0.0
0.0
0.0
0.0
0.0
0.0
11.874947285845822
0.0
0.0
0.0
0.0
0.0
0.0
0.0
0.0
0.0
0.0
0.0
0.0
0.0
0.0
0.0
11.048619257642416
0.0
0.0
12.005024773134446
0.0
0.0
0.0
0.0
0.0
0.0
0.0
10.782781708337136
0.0
0.0
0.0
0.0
0.0
0.0
12.840083809748835
0.0
0.0
0.0
0.0
0.0
0.0
0.0
0.0
0.0
0.0
0.0
11.046545201794991
12.194943428489008
0.0
10.827830907998246
0.0
0.0
0.0
0.0
0.0
0.0
0.0
0.0
0.0
0.0
0.0
0.0
0.0
0.0
0.0
0.0
0.0
0.0
0.0
0.0
0.0
0.0
0.0
0.0
0.0
0.0
0.0
0.0
0.0
0.0
11.771908769450791
0.0
0.0
11.371590320739605
0.0
11.722448215679638
0.0
0.0
0.0
0.0
0.0
0.0
0.0
0.0
0.0
0.0
0.0
0.0
0.0
0.0
0.0
0.0
0.0
0.0
0.0
0.0
0.0
0.0
0.0
0.0
0.0
0.0
12.831471428878276
0.0
0.0
0.0
0.0
0.0
0.0
0.0
0.0
0.0
0.0
0.0
0.0
0.0
0.0
0.0
0.0
0.0
0.0
0.0
0.0
0.0
0.0
0.0
0.0
0.0
0.0
0.0
0.0
0.0
0.0
0.0
0.0
0.0
0.0
0.0
0.0
0.0
0.0
0.0
0.0
0.0
0.0
11.769167702058635
0.0
0.0
0.0
0.0
0.0
12.6890167414079
0.0
0.0
12.54389478759401
12.348227656747957
0.0
0.0
0.0
0.0
0.0
0.0
0.0
0.0
0.0
0.0
12.190796126447722
0.0
0.0
0.0
0.0
0.0
0.0
0.0
9.539460121788277
0.0
0.0
0.0
0.0
0.0
0.0
0.0
9.758092177673172
0.0
0.0
0.0
0.0
0.0
0.0
0.0
0.0
0.0
0.0
0.0
0.0
12.554994298694629
9.719447789407893
0.0
0.0
0.0
0.0
11.48172909190614
0.0
0.0
0.0
0.0
0.0
0.0
0.0
0.0
0.0
0.0
0.0
0.0
0.0
0.0
0.0
0.0
0.0
0.0
0.0
0.0
0.0
0.0
0.0
0.0
0.0
0.0
0.0
0.0
10.843081064677744
0.0
0.0
0.0
0.0
0.0
10.272400150369515
0.0
11.70754455867626
0.0
0.0
12.514561939101496
0.0
0.0
0.0
0.0
0.0
0.0
0.0
0.0
0.0
0.0
0.0
0.0
0.0
0.0
0.0
0.0
0.0
0.0
0.0
0.0
0.0
11.832321984346333
0.0
0.0
0.0
0.0
0.0
0.0
0.0
0.0
0.0
0.0
0.0
0.0
0.0
0.0
0.0
0.0
0.0
10.875666095551445
0.0
0.0
0.0
0.0
0.0
0.0
0.0
0.0
0.0
0.0
0.0
0.0
0.0
12.17884456197771
0.0
10.32757536815626
0.0
0.0
0.0
0.0
0.0
11.28828386824749
0.0
11.710551676207464
0.0
0.0
0.0
0.0
0.0
11.924789873914225
0.0
0.0
0.0
0.0
0.0
0.0
0.0
0.0
11.593598548173208
0.0
0.0
0.0
0.0
0.0
0.0
12.889354291643544
0.0
0.0
0.0
12.256888112795682
0.0
0.0
0.0
0.0
0.0
0.0
0.0
0.0
10.778563286928005
0.0
0.0
0.0
0.0
0.0
0.0
0.0
12.577343047967476
0.0
11.252998857828759
0.0
0.0
0.0
0.0
0.0
0.0
0.0
0.0
0.0
0.0
0.0
0.0
0.0
0.0
0.0
0.0
0.0
0.0
0.0
0.0
0.0
0.0
0.0
0.0
0.0
0.0
0.0
11.839074074368613
0.0
0.0
0.0
0.0
0.0
0.0
0.0
0.0
0.0
0.0
0.0
0.0
0.0
0.0
0.0
0.0
0.0
0.0
0.0
0.0
0.0
0.0
0.0
0.0
11.647686428626532
10.481847929018706
0.0
0.0
0.0
0.0
0.0
12.654651809003024
11.318464821911519
0.0
0.0
0.0
0.0
0.0
0.0
11.1435759048852
0.0
0.0
0.0
0.0
0.0
12.062659361212514
0.0
0.0
0.0
0.0
0.0
0.0
0.0
0.0
0.0
0.0
0.0
0.0
0.0
10.981809200427966
0.0
0.0
0.0
0.0
0.0
0.0
0.0
0.0
0.0
0.0
0.0
0.0
0.0
11.835891322696794
0.0
0.0
0.0
0.0
0.0
0.0
12.583852082813545
0.0
0.0
11.114396033755284
0.0
0.0
0.0
0.0
0.0
12.934956845169538
0.0
0.0
12.564250889724374
0.0
0.0
0.0
0.0
0.0
0.0
11.14401975240318
0.0
0.0
0.0
0.0
0.0
0.0
0.0
0.0
0.0
10.815558378917645
0.0
0.0
0.0
0.0
0.0
0.0
0.0
0.0
11.349681876859716
0.0
0.0
0.0
0.0
12.314925458898486
0.0
0.0
0.0
0.0
11.612006092204345
0.0
0.0
0.0
0.0
0.0
0.0
0.0
0.0
0.0
0.0
0.0
11.87811461254935
0.0
0.0
0.0
0.0
0.0
10.855510532405011
11.364829195742201
0.0
0.0
11.963522431048169
0.0
0.0
0.0
0.0
0.0
0.0
0.0
0.0
0.0
0.0
0.0
0.0
0.0
0.0
11.676969822513012
0.0
0.0
12.610500025575607
0.0
0.0
0.0
0.0
0.0
10.879910031094271
0.0
11.203777846331251
0.0
11.229386887514366
0.0
0.0
0.0
0.0
0.0
12.981101697513814
0.0
0.0
0.0
0.0
13.139033887536817
0.0
0.0
0.0
0.0
0.0
0.0
0.0
0.0
0.0
0.0
0.0
0.0
12.554562740838351
0.0
0.0
0.0
0.0
0.0
0.0
0.0
0.0
0.0
0.0
0.0
0.0
0.0
0.0
0.0
0.0
0.0
0.0
0.0
0.0
0.0
0.0
0.0
0.0
0.0
0.0
0.0
0.0
0.0
0.0
12.098251445855913
12.641749904215953
0.0
0.0
0.0
0.0
0.0
0.0
11.240404738713433
0.0
0.0
0.0
0.0
0.0
0.0
0.0
0.0
0.0
0.0
0.0
0.0
0.0
0.0
0.0
0.0
0.0
0.0
0.0
0.0
0.0
0.0
0.0
0.0
0.0
0.0
12.756143917204373
0.0
0.0
0.0
0.0
0.0
0.0
0.0
0.0
0.0
0.0
0.0
0.0
12.579847108375128
0.0
11.452063384281857
0.0
0.0
0.0
0.0
0.0
0.0
0.0
0.0
0.0
0.0
0.0
0.0
0.0
0.0
0.0
0.0
0.0
0.0
0.0
0.0
0.0
0.0
0.0
0.0
0.0
0.0
0.0
0.0
0.0
11.675541006782742
0.0
0.0
11.237521401234549
0.0
0.0
0.0
0.0
0.0
0.0
0.0
12.343616106411563
0.0
0.0
0.0
0.0
11.965083007853282
0.0
0.0
0.0
0.0
0.0
0.0
0.0
0.0
0.0
0.0
0.0
0.0
0.0
12.586627904529369
0.0
0.0
0.0
0.0
0.0
0.0
12.974318804899145
0.0
0.0
0.0
0.0
0.0
0.0
11.32994118325619
0.0
0.0
11.114318216215013
11.282683141837534
0.0
0.0
0.0
0.0
0.0
0.0
0.0
11.705621438376852
0.0
11.587295466109747
11.617194600806794
0.0
0.0
0.0
0.0
0.0
0.0
0.0
0.0
0.0
0.0
11.803483564399496
0.0
0.0
0.0
0.0
12.79607926126496
0.0
0.0
0.0
11.181919880299626
0.0
0.0
0.0
0.0
0.0
0.0
11.73766815836834
0.0
0.0
0.0
0.0
0.0
0.0
0.0
0.0
0.0
0.0
0.0
11.455723793886623
0.0
0.0
0.0
0.0
11.55598769753688
0.0
0.0
0.0
0.0
0.0
12.474040839301525
0.0
0.0
0.0
0.0
0.0
0.0
11.519768718973694
0.0
0.0
0.0
9.308306656743175
11.537015506967
0.0
0.0
0.0
0.0
11.66204160174099
12.355111828129665
0.0
0.0
0.0
0.0
0.0
0.0
12.424164039434846
0.0
0.0
11.048124184591087
0.0
0.0
0.0
0.0
0.0
10.104943258231359
0.0
12.14607568492195
0.0
0.0
0.0
0.0
0.0
11.255275895335789
12.245484021086801
0.0
0.0
0.0
0.0
0.0
0.0
0.0
11.841181550476815
0.0
0.0
0.0
0.0
0.0
0.0
0.0
0.0
11.31871359038646
0.0
0.0
0.0
0.0
0.0
0.0
0.0
13.132149244080107
0.0
0.0
0.0
0.0
0.0
0.0
0.0
0.0
0.0
0.0
0.0
0.0
0.0
0.0
0.0
10.315719309065585
0.0
0.0
0.0
0.0
0.0
0.0
0.0
0.0
0.0
0.0
0.0
0.0
0.0
0.0
0.0
0.0
0.0
0.0
0.0
0.0
0.0
0.0
11.949461092035996
0.0
0.0
10.53442771077852
0.0
0.0
0.0
0.0
0.0
0.0
11.383175547112963
0.0
0.0
0.0
0.0
0.0
10.80925775082753
0.0
0.0
0.0
11.09664553530808
0.0
0.0
10.62752026499581
11.187138589919549
0.0
0.0
0.0
0.0
0.0
0.0
0.0
11.278057090534556
0.0
0.0
0.0
0.0
0.0
0.0
0.0
0.0
0.0
0.0
0.0
0.0
0.0
0.0
0.0
0.0
0.0
11.599432966142402
0.0
0.0
0.0
0.0
11.378336395684174
0.0
0.0
0.0
0.0
0.0
0.0
0.0
0.0
0.0
0.0
0.0
0.0
12.556349052107805
11.525569233164726
0.0
0.0
0.0
0.0
0.0
0.0
0.0
0.0
0.0
0.0
0.0
0.0
0.0
0.0
11.20017065411107
0.0
0.0
0.0
0.0
0.0
0.0
10.477290265332428
0.0
0.0
0.0
0.0
0.0
0.0
0.0
0.0
0.0
0.0
0.0
0.0
0.0
0.0
12.982584844586388
0.0
0.0
0.0
0.0
0.0
0.0
0.0
0.0
0.0
0.0
0.0
0.0
0.0
0.0
11.905939704260428
0.0
0.0
0.0
0.0
0.0
0.0
0.0
0.0
0.0
0.0
0.0
0.0
0.0
0.0
0.0
0.0
0.0
0.0
0.0
0.0
0.0
0.0
0.0
0.0
0.0
0.0
0.0
0.0
0.0
0.0
0.0
0.0
0.0
0.0
0.0
0.0
12.695933772848822
0.0
11.336089053915389
0.0
0.0
0.0
0.0
0.0
0.0
0.0
12.033946908066156
0.0
0.0
0.0
0.0
11.6273750908683
0.0
0.0
0.0
0.0
0.0
0.0
0.0
0.0
0.0
0.0
0.0
0.0
0.0
0.0
0.0
0.0
0.0
9.774664248202344
0.0
0.0
0.0
0.0
0.0
0.0
0.0
13.079249278678688
0.0
0.0
0.0
0.0
0.0
0.0
0.0
0.0
0.0
0.0
0.0
0.0
0.0
0.0
0.0
0.0
0.0
0.0
0.0
0.0
0.0
0.0
0.0
0.0
0.0
0.0
12.345141365813145
0.0
0.0
0.0
0.0
0.0
0.0
0.0
11.652612417103015
0.0
0.0
0.0
0.0
0.0
0.0
0.0
0.0
0.0
0.0
0.0
0.0
0.0
0.0
0.0
0.0
0.0
0.0
10.718890413464106
0.0
0.0
0.0
0.0
0.0
0.0
10.224043571101832
0.0
0.0
0.0
0.0
0.0
0.0
0.0
0.0
0.0
0.0
11.079386218791395
0.0
0.0
0.0
0.0
0.0
0.0
0.0
0.0
0.0
0.0
0.0
0.0
0.0
0.0
0.0
0.0
0.0
11.8059723050133
0.0
0.0
0.0
11.304500989380815
0.0
0.0
11.373685499213073
0.0
0.0
0.0
0.0
0.0
0.0
12.143269630616604
0.0
0.0
0.0
0.0
0.0
0.0
0.0
0.0
10.228353260520969
0.0
0.0
0.0
0.0
0.0
0.0
0.0
0.0
0.0
0.0
0.0
0.0
13.08178573683754
0.0
0.0
11.871310990516976
0.0
0.0
11.569873045745211
0.0
0.0
0.0
11.209600246334137
10.937364578204956
0.0
0.0
0.0
0.0
0.0
0.0
0.0
0.0
0.0
0.0
0.0
0.0
0.0
0.0
11.253358286138187
0.0
0.0
0.0
0.0
0.0
0.0
0.0
0.0
11.470972873616892
0.0
0.0
0.0
0.0
0.0
0.0
11.799461949564712
0.0
0.0
0.0
0.0
0.0
0.0
0.0
0.0
0.0
11.968936972731024
0.0
0.0
0.0
0.0
0.0
0.0
0.0
0.0
0.0
0.0
0.0
0.0
0.0
0.0
0.0
0.0
0.0
12.73173187311655
0.0
0.0
11.888912851712995
11.240288708192168
0.0
0.0
0.0
0.0
0.0
0.0
0.0
0.0
0.0
13.03171954327435
11.750624469262089
11.116870518465722
0.0
0.0
0.0
0.0
0.0
12.417380690194506
0.0
12.67286212863706
0.0
0.0
0.0
11.524294966191437
0.0
0.0
0.0
11.25301951228483
0.0
0.0
11.120409056565107
0.0
0.0
0.0
0.0
0.0
0.0
0.0
0.0
0.0
11.046046620428573
0.0
0.0
0.0
0.0
0.0
0.0
0.0
0.0
0.0
0.0
13.029932651986242
0.0
0.0
12.962241267257625
0.0
0.0
0.0
0.0
0.0
0.0
0.0
11.293400199615238
10.911009936316315
0.0
0.0
0.0
0.0
0.0
11.849732091125183
0.0
0.0
0.0
0.0
0.0
0.0
0.0
11.394031729453687
0.0
0.0
0.0
0.0
0.0
0.0
0.0
0.0
11.918045016247465
0.0
0.0
0.0
0.0
0.0
0.0
12.648640459766881
0.0
0.0
0.0
0.0
0.0
0.0
0.0
0.0
0.0
0.0
0.0
12.031865489773113
0.0
0.0
0.0
0.0
0.0
0.0
0.0
0.0
0.0
0.0
11.876604371355896
0.0
0.0
0.0
0.0
0.0
0.0
0.0
0.0
0.0
0.0
0.0
0.0
0.0
10.528186694989085
0.0
0.0
0.0
0.0
0.0
0.0
0.0
0.0
0.0
11.63507158453836
0.0
0.0
0.0
0.0
0.0
10.453768159869385
0.0
0.0
0.0
0.0
0.0
0.0
0.0
0.0
0.0
0.0
11.875575144370845
0.0
0.0
0.0
0.0
0.0
0.0
12.028375007581294
0.0
0.0
0.0
0.0
0.0
0.0
0.0
0.0
0.0
11.73445629800732
0.0
0.0
11.58950283116065
0.0
0.0
0.0
0.0
0.0
0.0
0.0
0.0
0.0
0.0
0.0
0.0
0.0
0.0
0.0
0.0
10.306285119965858
0.0
0.0
0.0
0.0
0.0
0.0
0.0
0.0
0.0
0.0
0.0
0.0
0.0
0.0
0.0
0.0
0.0
0.0
0.0
12.015496578730968
0.0
0.0
0.0
11.021901926671223
0.0
0.0
0.0
0.0
0.0
12.358436766404358
0.0
0.0
12.72487913425715
0.0
0.0
0.0
0.0
0.0
0.0
0.0
0.0
0.0
0.0
0.0
0.0
0.0
0.0
0.0
0.0
0.0
0.0
0.0
0.0
0.0
0.0
0.0
0.0
0.0
0.0
0.0
0.0
9.967892283590484
0.0
12.623790128626908
13.131925594427663
0.0
10.493012233836208
0.0
0.0
0.0
0.0
0.0
0.0
0.0
0.0
12.489168085172256
11.640295270347114
0.0
0.0
0.0
9.62571750184119
0.0
0.0
0.0
0.0
0.0
0.0
0.0
12.536639910665706
0.0
0.0
0.0
11.457488095349609
0.0
12.104801857849349
0.0
0.0
0.0
0.0
0.0
11.374581924403861
0.0
0.0
0.0
11.745279708387413
0.0
0.0
0.0
0.0
0.0
0.0
0.0
0.0
0.0
0.0
0.0
0.0
0.0
12.552520216760538
11.2912137002715
11.377188268583039
0.0
0.0
11.868530986701186
0.0
0.0
0.0
0.0
0.0
0.0
0.0
0.0
0.0
0.0
0.0
0.0
0.0
0.0
0.0
0.0
12.32853328447667
11.208733244382408
0.0
0.0
0.0
11.833905105656086
11.978684913442216
0.0
0.0
0.0
0.0
0.0
0.0
0.0
0.0
0.0
12.64434879771629
0.0
0.0
0.0
0.0
0.0
0.0
0.0
0.0
0.0
0.0
0.0
0.0
0.0
0.0
0.0
0.0
0.0
0.0
0.0
0.0
0.0
0.0
0.0
0.0
9.788000575544558
0.0
11.445214571344382
0.0
0.0
11.630243640507778
0.0
0.0
0.0
0.0
0.0
0.0
0.0
0.0
0.0
0.0
0.0
0.0
0.0
0.0
0.0
12.788036114994302
0.0
0.0
0.0
0.0
0.0
11.810412286932966
0.0
0.0
0.0
0.0
0.0
0.0
0.0
0.0
11.901576194610573
0.0
0.0
0.0
0.0
0.0
0.0
0.0
0.0
0.0
0.0
0.0
0.0
0.0
0.0
12.301249137829284
0.0
0.0
0.0
0.0
0.0
0.0
0.0
0.0
0.0
0.0
0.0
0.0
0.0
0.0
0.0
11.225299364486416
0.0
0.0
0.0
0.0
0.0
11.732034979237696
0.0
0.0
12.069315224684287
0.0
0.0
0.0
0.0
11.625484867523571
0.0
0.0
0.0
0.0
0.0
10.55006614620208
0.0
0.0
0.0
0.0
12.29765671919416
0.0
0.0
0.0
0.0
0.0
0.0
0.0
0.0
0.0
12.356275282407642
0.0
0.0
0.0
0.0
0.0
0.0
0.0
0.0
0.0
0.0
10.646333346654252
0.0
0.0
11.247561365438614
0.0
0.0
0.0
0.0
11.924473404137405
0.0
0.0
0.0
0.0
0.0
11.07762412532268
0.0
11.719305904821203
0.0
0.0
0.0
0.0
0.0
0.0
0.0
0.0
0.0
0.0
0.0
0.0
0.0
0.0
10.086739632255812
0.0
13.011432909065231
0.0
0.0
0.0
0.0
0.0
0.0
0.0
0.0
0.0
0.0
0.0
0.0
0.0
0.0
0.0
0.0
11.243879482909499
0.0
0.0
0.0
0.0
0.0
0.0
0.0
0.0
0.0
11.893227923128169
0.0
0.0
0.0
0.0
0.0
0.0
0.0
0.0
0.0
0.0
0.0
0.0
0.0
0.0
0.0
10.20729074725817
0.0
0.0
0.0
0.0
0.0
0.0
0.0
11.644883836446395
10.959135618719674
0.0
0.0
0.0
0.0
0.0
0.0
0.0
13.044929749959595
0.0
0.0
0.0
11.717838686012033
0.0
0.0
0.0
0.0
0.0
0.0
0.0
0.0
0.0
0.0
0.0
0.0
0.0
11.235239743009386
0.0
0.0
0.0
12.45461607833209
0.0
0.0
0.0
0.0
0.0
0.0
0.0
0.0
10.429459285882627
0.0
0.0
0.0
0.0
0.0
0.0
0.0
0.0
0.0
0.0
11.38940058360558
9.454583669928741
0.0
0.0
0.0
10.36123165215896
0.0
0.0
0.0
12.930953077863272
0.0
0.0
0.0
0.0
0.0
0.0
0.0
0.0
0.0
0.0
0.0
0.0
0.0
0.0
0.0
0.0
11.858290264500937
0.0
12.414529031243225
10.482044978746034
11.342392357130995
0.0
0.0
0.0
0.0
0.0
0.0
0.0
0.0
0.0
11.864860115201378
0.0
0.0
0.0
11.170946410228757
0.0
0.0
0.0
0.0
0.0
0.0
0.0
0.0
0.0
0.0
13.02967591728466
0.0
0.0
0.0
0.0
0.0
0.0
0.0
0.0
0.0
0.0
0.0
0.0
0.0
0.0
0.0
0.0
0.0
11.90775480310044
0.0
0.0
0.0
0.0
0.0
0.0
11.989758026212396
0.0
0.0
0.0
0.0
0.0
0.0
12.727849668566718
0.0
0.0
0.0
0.0
11.86835714256234
10.930448734243429
0.0
12.927424811830832
0.0
0.0
0.0
0.0
0.0
0.0
0.0
0.0
0.0
0.0
0.0
0.0
0.0
0.0
0.0
0.0
0.0
0.0
0.0
0.0
0.0
0.0
0.0
0.0
12.00061635014197
0.0
0.0
0.0
0.0
0.0
0.0
0.0
0.0
0.0
0.0
0.0
0.0
0.0
0.0
0.0
0.0
0.0
0.0
11.69108282460229
0.0
0.0
0.0
0.0
0.0
0.0
0.0
0.0
0.0
0.0
0.0
0.0
0.0
0.0
0.0
10.37581480299171
0.0
0.0
0.0
0.0
11.423385818075355
0.0
0.0
0.0
0.0
0.0
0.0
0.0
0.0
0.0
0.0
12.226815387272973
0.0
0.0
0.0
0.0
0.0
0.0
12.92102540728451
0.0
0.0
0.0
12.268255638425083
0.0
0.0
0.0
10.58652829950198
0.0
0.0
0.0
0.0
0.0
0.0
0.0
0.0
0.0
0.0
0.0
0.0
0.0
0.0
0.0
11.03006397277569
0.0
11.84650511049569
11.97063531188229
0.0
0.0
0.0
10.911529377150758
0.0
0.0
0.0
0.0
0.0
0.0
0.0
0.0
0.0
0.0
0.0
0.0
10.564124304944652
11.666378612503305
0.0
0.0
0.0
0.0
0.0
0.0
0.0
0.0
0.0
0.0
0.0
0.0
0.0
0.0
0.0
0.0
0.0
0.0
0.0
0.0
0.0
0.0
0.0
0.0
0.0
0.0
0.0
0.0
0.0
0.0
0.0
0.0
0.0
0.0
0.0
0.0
0.0
0.0
11.630787680636907
0.0
0.0
0.0
12.699562999414178
0.0
0.0
0.0
0.0
0.0
0.0
11.563371422283401
0.0
0.0
0.0
0.0
0.0
0.0
0.0
0.0
0.0
0.0
0.0
0.0
0.0
0.0
11.332844654777901
10.935053625375234
0.0
0.0
11.024845683856947
0.0
0.0
0.0
0.0
0.0
0.0
0.0
0.0
0.0
12.312739583356871
0.0
0.0
0.0
0.0
0.0
0.0
0.0
0.0
0.0
0.0
0.0
0.0
0.0
0.0
11.43529169173878
0.0
0.0
0.0
0.0
0.0
11.166842418139822
0.0
0.0
0.0
0.0
0.0
0.0
0.0
0.0
0.0
0.0
0.0
0.0
0.0
0.0
0.0
0.0
12.769445275559331
0.0
0.0
0.0
12.344800143802654
0.0
0.0
0.0
0.0
0.0
0.0
0.0
0.0
0.0
0.0
0.0
12.599687842241499
0.0
0.0
0.0
0.0
0.0
0.0
0.0
0.0
12.635522649527259
0.0
0.0
0.0
0.0
0.0
0.0
0.0
0.0
0.0
0.0
0.0
0.0
0.0
0.0
0.0
0.0
0.0
0.0
0.0
0.0
0.0
0.0
0.0
0.0
0.0
0.0
0.0
0.0
0.0
0.0
0.0
0.0
0.0
0.0
0.0
0.0
0.0
0.0
0.0
0.0
0.0
0.0
0.0
0.0
0.0
0.0
0.0
12.169976793645931
0.0
0.0
0.0
0.0
0.0
0.0
0.0
0.0
12.303134450271966
0.0
0.0
0.0
0.0
0.0
11.302946071875843
0.0
0.0
0.0
0.0
0.0
0.0
0.0
0.0
0.0
0.0
0.0
0.0
0.0
0.0
10.458721437754154
0.0
0.0
0.0
0.0
0.0
13.015177342224183
0.0
0.0
0.0
0.0
0.0
0.0
0.0
0.0
0.0
12.76503331837441
0.0
0.0
0.0
0.0
0.0
0.0
0.0
0.0
0.0
0.0
0.0
0.0
0.0
0.0
0.0
0.0
0.0
0.0
12.746679171771218
11.755146691748111
0.0
0.0
12.812631160452598
0.0
0.0
0.0
0.0
0.0
0.0
0.0
0.0
0.0
0.0
0.0
0.0
0.0
0.0
0.0
0.0
0.0
0.0
0.0
0.0
0.0
0.0
0.0
0.0
0.0
0.0
0.0
0.0
0.0
0.0
12.175427403772671
10.495011096067412
0.0
0.0
0.0
0.0
0.0
0.0
0.0
0.0
0.0
0.0
0.0
13.166047009614456
0.0
0.0
0.0
0.0
0.0
0.0
0.0
0.0
0.0
0.0
0.0
0.0
0.0
0.0
0.0
0.0
0.0
0.0
0.0
0.0
0.0
0.0
10.582316898481583
0.0
0.0
0.0
0.0
0.0
12.295201763895287
0.0
12.126476557975938
0.0
0.0
0.0
0.0
0.0
0.0
0.0
0.0
0.0
0.0
0.0
0.0
0.0
0.0
0.0
0.0
0.0
0.0
0.0
0.0
0.0
0.0
0.0
0.0
0.0
0.0
0.0
0.0
0.0
11.167527630639404
0.0
0.0
0.0
0.0
0.0
0.0
0.0
0.0
0.0
0.0
11.352191800336115
0.0
0.0
0.0
0.0
0.0
0.0
0.0
0.0
0.0
0.0
0.0
11.867154177840145
0.0
0.0
0.0
11.544531555632078
0.0
0.0
0.0
0.0
0.0
0.0
0.0
0.0
0.0
0.0
0.0
0.0
0.0
0.0
0.0
0.0
0.0
11.90235429009787
0.0
0.0
0.0
0.0
0.0
0.0
11.88054759719712
0.0
0.0
0.0
11.762939891242336
0.0
0.0
0.0
0.0
0.0
0.0
0.0
13.113633835769136
0.0
0.0
9.327520547932306
0.0
0.0
0.0
0.0
0.0
0.0
0.0
12.827707307844024
0.0
0.0
0.0
0.0
11.945924128665112
0.0
0.0
0.0
0.0
0.0
0.0
0.0
0.0
0.0
0.0
0.0
0.0
0.0
0.0
0.0
0.0
12.934574829185737
0.0
0.0
0.0
0.0
0.0
0.0
0.0
0.0
0.0
0.0
0.0
0.0
0.0
0.0
0.0
0.0
0.0
0.0
0.0
0.0
0.0
0.0
11.891195099371052
0.0
0.0
12.238258209265307
0.0
11.278657001672759
0.0
11.676113463357016
0.0
0.0
0.0
0.0
0.0
0.0
0.0
0.0
0.0
11.20398543602742
0.0
0.0
0.0
0.0
0.0
0.0
0.0
0.0
0.0
0.0
0.0
0.0
0.0
0.0
0.0
0.0
0.0
0.0
0.0
0.0
0.0
0.0
0.0
12.537620200496573
0.0
0.0
0.0
10.44231313172892
0.0
0.0
0.0
13.109831213694351
0.0
10.735449861653585
0.0
0.0
10.686501131407676
0.0
0.0
0.0
0.0
0.0
0.0
0.0
0.0
11.887863366607327
0.0
0.0
0.0
0.0
0.0
0.0
0.0
0.0
0.0
0.0
0.0
0.0
0.0
0.0
0.0
0.0
0.0
0.0
0.0
0.0
0.0
0.0
0.0
0.0
0.0
0.0
0.0
0.0
0.0
0.0
0.0
0.0
0.0
0.0
0.0
0.0
0.0
0.0
0.0
11.145972497438505
0.0
0.0
11.688713752108676
0.0
0.0
10.84878100670566
0.0
0.0
0.0
0.0
0.0
0.0
0.0
0.0
0.0
0.0
0.0
0.0
0.0
0.0
0.0
12.296709770767281
0.0
0.0
0.0
0.0
0.0
0.0
0.0
0.0
0.0
0.0
12.103626467192315
12.88161465751394
0.0
0.0
0.0
10.394806215726273
0.0
0.0
0.0
0.0
12.347732048863797
0.0
12.216603929650189
0.0
12.066909172173926
0.0
0.0
0.0
0.0
0.0
0.0
0.0
0.0
0.0
0.0
0.0
0.0
0.0
0.0
0.0
11.513557353958605
0.0
11.909973884714818
0.0
0.0
0.0
0.0
11.068333929290027
0.0
0.0
0.0
0.0
0.0
0.0
12.970906823280718
0.0
0.0
0.0
0.0
0.0
0.0
0.0
0.0
0.0
0.0
0.0
12.089070938931028
0.0
0.0
11.027458396608932
0.0
0.0
12.366410740396285
0.0
10.478116830309839
0.0
0.0
0.0
0.0
0.0
0.0
0.0
0.0
0.0
0.0
0.0
0.0
0.0
0.0
0.0
0.0
0.0
0.0
0.0
0.0
0.0
0.0
0.0
0.0
0.0
0.0
0.0
0.0
0.0
0.0
0.0
0.0
0.0
0.0
0.0
0.0
0.0
11.81941917564825
0.0
0.0
0.0
0.0
0.0
12.15235109389671
11.815232142185057
0.0
0.0
11.914894316642181
0.0
0.0
0.0
0.0
0.0
11.481077566221659
0.0
0.0
0.0
0.0
11.612152907572352
0.0
0.0
0.0
0.0
11.356391438094445
0.0
0.0
0.0
10.271704333822624
0.0
12.439033724283105
0.0
0.0
0.0
0.0
0.0
0.0
11.509098803119823
0.0
0.0
10.32625914648806
0.0
0.0
0.0
0.0
0.0
0.0
0.0
0.0
0.0
13.051460222675786
0.0
0.0
0.0
0.0
0.0
0.0
0.0
0.0
0.0
0.0
0.0
0.0
0.0
0.0
12.223094329926509
0.0
0.0
0.0
0.0
10.863705648568132
0.0
0.0
0.0
0.0
0.0
0.0
0.0
0.0
0.0
0.0
0.0
0.0
0.0
11.24744723596194
0.0
0.0
0.0
0.0
0.0
0.0
0.0
11.993763996783759
0.0
0.0
0.0
0.0
0.0
0.0
0.0
0.0
0.0
0.0
0.0
11.736848872398932
0.0
0.0
0.0
0.0
0.0
0.0
0.0
0.0
10.749378703559719
0.0
0.0
0.0
11.542168204122314
0.0
0.0
0.0
0.0
0.0
0.0
0.0
0.0
0.0
0.0
0.0
11.304345377222885
0.0
11.729275027559554
0.0
0.0
0.0
0.0
0.0
0.0
0.0
0.0
0.0
0.0
0.0
0.0
0.0
0.0
0.0
0.0
0.0
0.0
0.0
11.100588686234536
0.0
9.208359354977418
10.779005977449636
0.0
0.0
0.0
0.0
0.0
0.0
0.0
0.0
0.0
0.0
0.0
0.0
0.0
0.0
0.0
0.0
0.0
0.0
0.0
0.0
0.0
0.0
0.0
0.0
0.0
0.0
0.0
11.573445131672145
0.0
0.0
0.0
0.0
0.0
0.0
0.0
0.0
0.0
0.0
0.0
0.0
0.0
0.0
0.0
0.0
0.0
0.0
0.0
0.0
12.914306946682439
0.0
0.0
0.0
11.99201726488848
0.0
0.0
0.0
0.0
0.0
0.0
0.0
0.0
0.0
0.0
0.0
0.0
0.0
0.0
0.0
0.0
0.0
0.0
0.0
12.274629900185708
0.0
12.380876869694356
0.0
0.0
0.0
0.0
0.0
0.0
0.0
0.0
0.0
0.0
0.0
11.534993953523976
0.0
0.0
0.0
0.0
0.0
0.0
0.0
0.0
0.0
11.016292232907974
0.0
0.0
0.0
0.0
0.0
0.0
0.0
0.0
0.0
0.0
0.0
0.0
0.0
10.930894201298681
0.0
0.0
0.0
0.0
0.0
0.0
0.0
0.0
0.0
0.0
0.0
0.0
0.0
0.0
0.0
0.0
0.0
0.0
0.0
0.0
0.0
0.0
0.0
0.0
0.0
0.0
0.0
0.0
0.0
0.0
0.0
0.0
12.712411153114834
0.0
0.0
0.0
0.0
0.0
11.441024175015292
0.0
0.0
0.0
0.0
0.0
0.0
0.0
0.0
0.0
0.0
0.0
0.0
0.0
0.0
0.0
0.0
0.0
0.0
0.0
0.0
0.0
0.0
10.868868516984392
0.0
0.0
0.0
0.0
0.0
0.0
0.0
10.966774257254949
0.0
0.0
0.0
0.0
0.0
0.0
0.0
0.0
0.0
0.0
0.0
11.889273515777031
0.0
0.0
0.0
0.0
0.0
0.0
0.0
0.0
0.0
0.0
0.0
0.0
0.0
0.0
0.0
0.0
0.0
0.0
9.978764985946377
0.0
0.0
0.0
0.0
0.0
0.0
0.0
0.0
11.088501367587206
0.0
0.0
0.0
10.181396840156994
0.0
0.0
0.0
9.14282428951904
0.0
0.0
0.0
11.255719371504043
13.07560279764034
0.0
0.0
0.0
0.0
0.0
0.0
0.0
0.0
0.0
0.0
0.0
9.842043229178202
11.300800990569652
0.0
0.0
0.0
0.0
11.35981334122504
0.0
0.0
0.0
12.951917158606118
12.329836052630991
0.0
0.0
0.0
0.0
0.0
0.0
0.0
0.0
11.611653255081354
0.0
0.0
0.0
0.0
0.0
0.0
0.0
0.0
11.871123405177874
0.0
0.0
11.34624880008419
0.0
0.0
12.012847487392415
0.0
0.0
0.0
0.0
0.0
0.0
0.0
0.0
11.939736632263774
0.0
0.0
0.0
0.0
0.0
0.0
0.0
0.0
0.0
0.0
0.0
0.0
0.0
0.0
0.0
0.0
0.0
0.0
9.613419234630044
0.0
0.0
0.0
0.0
0.0
0.0
0.0
0.0
0.0
0.0
0.0
0.0
0.0
0.0
0.0
0.0
0.0
0.0
11.718348188886345
0.0
0.0
0.0
0.0
0.0
0.0
0.0
12.661586729053699
0.0
0.0
0.0
0.0
0.0
0.0
0.0
0.0
0.0
12.961225840473253
0.0
0.0
0.0
0.0
0.0
0.0
0.0
0.0
12.839357226453405
12.714269894244234
0.0
11.456663535385367
0.0
0.0
0.0
0.0
0.0
10.853627493055177
0.0
0.0
0.0
0.0
0.0
0.0
0.0
0.0
0.0
0.0
0.0
0.0
0.0
0.0
0.0
0.0
0.0
0.0
0.0
0.0
0.0
0.0
0.0
0.0
11.569519190368734
0.0
0.0
0.0
0.0
0.0
0.0
0.0
0.0
0.0
0.0
0.0
12.028917314595574
0.0
0.0
0.0
0.0
0.0
0.0
0.0
0.0
0.0
0.0
0.0
0.0
0.0
0.0
0.0
0.0
11.103693634506943
0.0
0.0
0.0
0.0
0.0
0.0
0.0
0.0
12.875025132355136
0.0
0.0
0.0
0.0
11.940723000025457
0.0
0.0
0.0
0.0
0.0
11.831673783778824
0.0
0.0
0.0
0.0
0.0
11.285904731030282
0.0
0.0
0.0
0.0
0.0
0.0
0.0
0.0
0.0
0.0
0.0
0.0
0.0
0.0
0.0
0.0
0.0
0.0
0.0
0.0
0.0
0.0
0.0
0.0
0.0
0.0
0.0
0.0
0.0
11.836571822764343
0.0
0.0
0.0
0.0
0.0
0.0
0.0
0.0
10.996516900877372
0.0
0.0
0.0
12.904101529302498
0.0
0.0
0.0
9.633369862677029
0.0
11.217855009372624
10.309721933575513
0.0
0.0
0.0
11.94495848354507
0.0
0.0
0.0
0.0
0.0
0.0
0.0
12.104289290777597
0.0
0.0
0.0
0.0
0.0
0.0
0.0
0.0
11.398179653916126
0.0
0.0
0.0
0.0
0.0
0.0
0.0
0.0
0.0
12.445516558570564
0.0
0.0
0.0
0.0
0.0
0.0
0.0
0.0
0.0
0.0
0.0
0.0
0.0
0.0
0.0
0.0
0.0
0.0
10.590955639015045
0.0
0.0
0.0
0.0
0.0
0.0
0.0
0.0
0.0
0.0
0.0
0.0
11.251489150112073
0.0
0.0
10.781147392989924
0.0
0.0
0.0
0.0
0.0
0.0
0.0
0.0
0.0
0.0
0.0
0.0
0.0
11.118464250175265
0.0
0.0
0.0
9.411629201700762
0.0
0.0
0.0
0.0
0.0
0.0
0.0
0.0
0.0
0.0
0.0
0.0
0.0
0.0
0.0
0.0
0.0
0.0
0.0
0.0
0.0
0.0
0.0
0.0
0.0
0.0
0.0
0.0
0.0
0.0
11.810697041229867
0.0
0.0
0.0
0.0
0.0
0.0
0.0
0.0
0.0
0.0
11.301734868697851
0.0
0.0
0.0
0.0
0.0
0.0
0.0
0.0
0.0
0.0
0.0
0.0
0.0
0.0
0.0
0.0
0.0
0.0
11.355411990616235
0.0
0.0
0.0
0.0
0.0
0.0
0.0
0.0
11.66687105023812
0.0
0.0
0.0
0.0
0.0
0.0
0.0
0.0
0.0
0.0
0.0
0.0
0.0
0.0
0.0
10.93965246074306
0.0
0.0
0.0
0.0
0.0
0.0
0.0
0.0
0.0
0.0
0.0
0.0
0.0
12.333462319018091
0.0
0.0
0.0
0.0
10.455716470338672
0.0
0.0
0.0
12.229113816729166
0.0
0.0
0.0
0.0
0.0
0.0
0.0
0.0
0.0
11.18963961129825
0.0
0.0
9.76235171735223
0.0
0.0
12.699262218119427
11.04654065003561
0.0
10.83875671602616
0.0
11.906307380821328
12.383521152584656
0.0
0.0
0.0
0.0
12.80610565547115
0.0
0.0
0.0
0.0
12.28352092817991
0.0
0.0
10.600733314794635
0.0
0.0
11.116758313491493
0.0
0.0
10.386539423345008
0.0
0.0
0.0
0.0
0.0
0.0
0.0
0.0
0.0
0.0
0.0
0.0
0.0
0.0
0.0
0.0
0.0
0.0
0.0
0.0
0.0
0.0
0.0
0.0
0.0
0.0
0.0
0.0
10.9699050478502
0.0
0.0
0.0
0.0
0.0
0.0
0.0
0.0
0.0
0.0
0.0
0.0
0.0
0.0
0.0
0.0
0.0
0.0
11.463898898676675
0.0
0.0
0.0
0.0
0.0
0.0
0.0
0.0
0.0
0.0
0.0
0.0
12.365173198189964
0.0
0.0
0.0
0.0
0.0
0.0
0.0
10.829006575717093
0.0
0.0
0.0
11.431244910253845
12.158020483670512
0.0
11.614752417014007
0.0
0.0
12.826457453083995
0.0
0.0
0.0
0.0
0.0
0.0
0.0
0.0
0.0
0.0
0.0
0.0
0.0
0.0
0.0
0.0
0.0
0.0
0.0
0.0
0.0
0.0
0.0
0.0
0.0
0.0
0.0
0.0
0.0
0.0
0.0
11.794241532919967
0.0
12.06128474488595
0.0
0.0
0.0
0.0
0.0
0.0
0.0
0.0
0.0
12.035333700896503
0.0
0.0
0.0
0.0
0.0
0.0
0.0
0.0
0.0
0.0
0.0
0.0
11.475950306296093
0.0
0.0
0.0
0.0
0.0
0.0
0.0
11.685544622687825
0.0
0.0
0.0
11.457152714170032
0.0
0.0
0.0
0.0
0.0
0.0
0.0
0.0
0.0
0.0
0.0
0.0
0.0
0.0
0.0
12.00076882574496
0.0
0.0
0.0
0.0
0.0
0.0
0.0
0.0
0.0
0.0
0.0
0.0
0.0
0.0
0.0
11.544506771777288
0.0
0.0
0.0
0.0
0.0
11.631672045706843
0.0
0.0
0.0
0.0
0.0
0.0
0.0
0.0
0.0
0.0
0.0
0.0
0.0
11.620687428179597
0.0
0.0
0.0
12.06692249666856
0.0
0.0
0.0
0.0
0.0
0.0
10.92127564226923
0.0
0.0
11.295713895456
0.0
0.0
0.0
0.0
10.654262078936295
0.0
0.0
0.0
0.0
0.0
0.0
0.0
0.0
10.467521088710505
0.0
0.0
12.017695744142316
11.986280197553883
0.0
0.0
0.0
0.0
0.0
0.0
11.506597498318078
0.0
0.0
9.922042966741246
0.0
0.0
0.0
0.0
0.0
0.0
0.0
0.0
0.0
0.0
11.144383711885768
0.0
0.0
0.0
0.0
0.0
12.41999809685322
0.0
0.0
0.0
0.0
0.0
12.660692793143856
0.0
0.0
0.0
0.0
0.0
0.0
0.0
0.0
0.0
12.019487123895965
0.0
0.0
0.0
0.0
0.0
0.0
0.0
0.0
10.491855507955442
0.0
0.0
0.0
0.0
0.0
0.0
0.0
0.0
0.0
0.0
0.0
0.0
0.0
0.0
11.477901499072294
0.0
0.0
0.0
0.0
0.0
0.0
0.0
0.0
0.0
0.0
0.0
0.0
0.0
0.0
0.0
0.0
0.0
0.0
0.0
0.0
0.0
0.0
0.0
0.0
0.0
0.0
0.0
0.0
0.0
0.0
0.0
0.0
0.0
0.0
0.0
0.0
0.0
0.0
10.455152206236104
0.0
0.0
0.0
0.0
0.0
10.676188407190017
0.0
0.0
0.0
0.0
0.0
0.0
0.0
0.0
0.0
0.0
0.0
0.0
0.0
0.0
0.0
12.398763626422571
0.0
0.0
0.0
0.0
0.0
0.0
0.0
0.0
0.0
0.0
11.601070751183784
0.0
0.0
0.0
0.0
0.0
0.0
0.0
0.0
0.0
0.0
0.0
0.0
0.0
0.0
0.0
0.0
0.0
12.869632367143879
0.0
0.0
0.0
0.0
0.0
0.0
0.0
0.0
0.0
0.0
0.0
0.0
0.0
0.0
0.0
10.965712772051779
12.02865418246071
11.43088118439497
0.0
0.0
0.0
0.0
0.0
0.0
0.0
0.0
0.0
0.0
0.0
0.0
0.0
12.187523059188402
0.0
0.0
0.0
0.0
0.0
0.0
0.0
0.0
0.0
0.0
0.0
0.0
0.0
0.0
0.0
0.0
0.0
0.0
11.543030227619905
0.0
11.260793145718633
12.719152335774321
0.0
0.0
0.0
0.0
0.0
0.0
0.0
0.0
11.227238150164945
0.0
0.0
0.0
0.0
0.0
0.0
10.595382531629893
0.0
0.0
0.0
0.0
11.787153167746993
0.0
0.0
0.0
0.0
0.0
0.0
10.96665986244765
0.0
0.0
0.0
0.0
0.0
0.0
0.0
0.0
0.0
0.0
0.0
12.245371449860071
0.0
12.133556216859187
0.0
0.0
0.0
0.0
0.0
0.0
0.0
0.0
0.0
0.0
0.0
0.0
0.0
0.0
0.0
0.0
0.0
10.16763956168159
12.527393264083614
11.353399994462112
0.0
0.0
0.0
12.608245241668895
0.0
0.0
0.0
0.0
0.0
0.0
12.562162982294371
0.0
0.0
0.0
0.0
0.0
0.0
0.0
0.0
0.0
0.0
10.034645700795192
0.0
0.0
0.0
0.0
0.0
0.0
0.0
0.0
0.0
0.0
0.0
0.0
0.0
0.0
0.0
0.0
0.0
0.0
10.9258082887058
0.0
0.0
0.0
0.0
0.0
0.0
0.0
0.0
11.706830167470132
0.0
0.0
0.0
0.0
0.0
0.0
0.0
0.0
0.0
0.0
12.740228793284404
0.0
11.23737884939607
0.0
0.0
0.0
0.0
0.0
0.0
0.0
0.0
0.0
0.0
0.0
0.0
0.0
0.0
0.0
0.0
0.0
0.0
0.0
9.189028357531548
12.2321661829602
0.0
0.0
0.0
0.0
0.0
0.0
0.0
11.804034889641603
0.0
0.0
0.0
0.0
0.0
0.0
0.0
0.0
0.0
0.0
0.0
0.0
0.0
0.0
0.0
0.0
0.0
0.0
0.0
0.0
0.0
0.0
0.0
12.026941807258611
0.0
0.0
0.0
0.0
0.0
0.0
0.0
0.0
0.0
0.0
0.0
0.0
0.0
0.0
0.0
10.097354252485019
10.898292375879805
0.0
10.951881900484915
0.0
0.0
0.0
0.0
0.0
0.0
0.0
0.0
0.0
0.0
11.713678173156415
0.0
0.0
0.0
0.0
0.0
0.0
0.0
0.0
12.100809804899558
0.0
0.0
0.0
0.0
0.0
0.0
0.0
0.0
10.55242576431102
0.0
0.0
0.0
0.0
11.08670656342094
0.0
0.0
0.0
0.0
0.0
0.0
0.0
0.0
0.0
0.0
0.0
0.0
0.0
0.0
0.0
0.0
0.0
0.0
11.974597187069392
0.0
10.976737442308798
0.0
0.0
0.0
0.0
0.0
0.0
11.977826085989035
0.0
0.0
0.0
0.0
0.0
11.718038273062893
0.0
11.736550186236094
12.650824187800533
0.0
0.0
0.0
0.0
0.0
0.0
0.0
0.0
12.96027471859872
0.0
0.0
0.0
0.0
0.0
0.0
0.0
0.0
0.0
0.0
0.0
0.0
0.0
0.0
0.0
0.0
0.0
0.0
0.0
0.0
0.0
0.0
0.0
0.0
0.0
0.0
0.0
0.0
0.0
0.0
0.0
11.850747329064056
0.0
0.0
0.0
0.0
0.0
11.613828376450222
0.0
0.0
0.0
0.0
13.010631301170381
0.0
0.0
0.0
0.0
0.0
0.0
0.0
0.0
0.0
0.0
0.0
0.0
0.0
0.0
0.0
0.0
0.0
0.0
0.0
0.0
0.0
11.076009275703342
0.0
0.0
0.0
0.0
12.127278287279855
0.0
0.0
0.0
13.140714705179471
0.0
0.0
0.0
0.0
0.0
0.0
0.0
0.0
0.0
0.0
0.0
0.0
0.0
10.910532891570467
0.0
0.0
0.0
0.0
0.0
0.0
0.0
0.0
0.0
0.0
0.0
0.0
0.0
0.0
0.0
0.0
0.0
0.0
0.0
0.0
0.0
0.0
0.0
0.0
0.0
0.0
0.0
12.699417266469794
12.943547657756033
0.0
12.862912480628598
0.0
0.0
0.0
0.0
0.0
0.0
11.91717795151917
0.0
0.0
0.0
0.0
0.0
11.189936419434098
0.0
0.0
12.43969382113762
0.0
0.0
12.094168958155127
0.0
0.0
0.0
0.0
0.0
0.0
0.0
0.0
0.0
0.0
0.0
0.0
0.0
0.0
0.0
0.0
10.881782946848476
0.0
0.0
0.0
0.0
0.0
0.0
12.121856971445355
0.0
0.0
0.0
0.0
0.0
0.0
9.925490034929238
0.0
0.0
0.0
0.0
0.0
0.0
0.0
0.0
0.0
0.0
0.0
11.610471568556092
0.0
0.0
0.0
0.0
0.0
0.0
0.0
11.668739573728281
0.0
0.0
0.0
0.0
0.0
0.0
0.0
0.0
0.0
0.0
0.0
0.0
0.0
0.0
0.0
0.0
0.0
10.135213853326398
0.0
0.0
0.0
0.0
0.0
0.0
0.0
0.0
0.0
0.0
0.0
0.0
0.0
12.276402848605382
0.0
0.0
0.0
0.0
0.0
11.540518109534682
0.0
11.41955703401747
0.0
0.0
0.0
0.0
0.0
13.046072508174676
0.0
0.0
0.0
0.0
0.0
0.0
0.0
0.0
0.0
0.0
0.0
0.0
0.0
0.0
0.0
11.49823851253257
0.0
0.0
0.0
0.0
0.0
0.0
0.0
0.0
0.0
12.980294370683382
0.0
0.0
0.0
0.0
0.0
0.0
0.0
0.0
0.0
13.216649183022792
0.0
0.0
0.0
0.0
0.0
0.0
0.0
0.0
0.0
0.0
0.0
12.207123180795257
0.0
0.0
0.0
0.0
0.0
0.0
0.0
0.0
0.0
0.0
0.0
0.0
0.0
0.0
0.0
0.0
0.0
0.0
0.0
0.0
0.0
0.0
0.0
0.0
0.0
11.969561000564111
0.0
0.0
0.0
0.0
0.0
0.0
12.5551549350882
0.0
0.0
0.0
0.0
0.0
0.0
0.0
0.0
0.0
0.0
0.0
0.0
0.0
0.0
0.0
0.0
0.0
0.0
0.0
0.0
0.0
0.0
0.0
0.0
0.0
0.0
0.0
0.0
0.0
0.0
0.0
0.0
13.110805283111356
0.0
0.0
12.039376365104076
0.0
0.0
0.0
0.0
0.0
12.257429713262747
0.0
0.0
0.0
0.0
0.0
0.0
0.0
0.0
0.0
0.0
0.0
0.0
0.0
0.0
0.0
0.0
0.0
0.0
0.0
0.0
11.475117086481118
0.0
0.0
0.0
0.0
0.0
0.0
0.0
0.0
0.0
0.0
0.0
0.0
9.450628767418149
9.522870715801375
0.0
0.0
0.0
11.19062821734799
0.0
0.0
0.0
0.0
0.0
0.0
0.0
0.0
0.0
0.0
0.0
0.0
0.0
0.0
0.0
0.0
0.0
0.0
0.0
0.0
0.0
0.0
0.0
0.0
0.0
0.0
0.0
0.0
0.0
0.0
0.0
0.0
0.0
0.0
0.0
0.0
0.0
0.0
0.0
0.0
0.0
0.0
0.0
0.0
0.0
0.0
0.0
0.0
11.33883023252223
12.522049794708021
0.0
0.0
0.0
0.0
11.092248171186597
0.0
0.0
0.0
0.0
0.0
0.0
0.0
0.0
11.867016227597714
11.325218763304562
0.0
0.0
0.0
0.0
0.0
0.0
0.0
0.0
0.0
0.0
0.0
0.0
0.0
0.0
0.0
0.0
0.0
0.0
0.0
0.0
0.0
0.0
0.0
0.0
0.0
0.0
0.0
10.882182009799408
11.28101724483011
0.0
0.0
0.0
0.0
0.0
0.0
0.0
0.0
0.0
0.0
0.0
0.0
0.0
0.0
0.0
0.0
0.0
11.665180779009788
0.0
0.0
0.0
0.0
12.29918232664377
0.0
0.0
0.0
0.0
0.0
0.0
0.0
0.0
0.0
0.0
11.400661450346142
0.0
0.0
0.0
0.0
0.0
0.0
0.0
0.0
0.0
0.0
0.0
0.0
0.0
0.0
0.0
11.7184128579249
0.0
0.0
0.0
0.0
0.0
0.0
0.0
0.0
0.0
0.0
0.0
0.0
0.0
0.0
0.0
0.0
0.0
0.0
0.0
0.0
0.0
0.0
0.0
0.0
0.0
0.0
0.0
0.0
0.0
0.0
12.048630117632595
0.0
0.0
12.632495323094467
0.0
0.0
0.0
0.0
0.0
11.078735831305766
0.0
0.0
0.0
0.0
0.0
9.89288008249277
0.0
0.0
0.0
0.0
0.0
0.0
0.0
0.0
0.0
0.0
0.0
0.0
0.0
11.996575702234635
0.0
0.0
0.0
0.0
0.0
0.0
0.0
0.0
0.0
0.0
10.168438302444589
0.0
12.934308895924254
0.0
0.0
0.0
0.0
0.0
0.0
0.0
11.018893938445563
0.0
11.303222306399189
0.0
0.0
0.0
0.0
0.0
0.0
0.0
0.0
0.0
0.0
0.0
0.0
0.0
0.0
0.0
12.223738663207012
0.0
0.0
0.0
0.0
0.0
0.0
0.0
0.0
0.0
0.0
0.0
0.0
0.0
0.0
0.0
0.0
0.0
0.0
0.0
0.0
0.0
0.0
0.0
0.0
0.0
0.0
0.0
0.0
0.0
0.0
0.0
0.0
0.0
0.0
0.0
0.0
0.0
0.0
0.0
0.0
0.0
0.0
0.0
0.0
0.0
0.0
0.0
0.0
10.245939359201355
0.0
0.0
0.0
0.0
0.0
0.0
0.0
0.0
0.0
0.0
0.0
0.0
0.0
0.0
0.0
0.0
0.0
0.0
0.0
0.0
0.0
0.0
11.90711303621623
0.0
0.0
0.0
0.0
0.0
0.0
0.0
0.0
0.0
0.0
0.0
10.925352166824672
0.0
0.0
11.529263107326035
0.0
0.0
0.0
0.0
0.0
0.0
0.0
0.0
0.0
0.0
0.0
0.0
0.0
12.486305910812408
10.548987299923652
0.0
10.888280139835388
0.0
0.0
0.0
0.0
0.0
0.0
0.0
0.0
0.0
0.0
0.0
0.0
0.0
0.0
0.0
0.0
0.0
0.0
0.0
12.03098165057514
13.039383887947942
0.0
0.0
0.0
0.0
0.0
0.0
0.0
0.0
0.0
0.0
0.0
0.0
0.0
0.0
0.0
0.0
0.0
0.0
0.0
0.0
11.865150337349935
0.0
0.0
0.0
0.0
12.44203148347165
0.0
0.0
11.131853183483926
0.0
13.20113236380605
0.0
0.0
11.486851826399343
0.0
11.89199337031365
0.0
0.0
0.0
0.0
0.0
0.0
0.0
0.0
9.304983179898324
0.0
0.0
0.0
0.0
0.0
0.0
0.0
0.0
0.0
0.0
0.0
0.0
0.0
0.0
9.900624356896108
10.996251235576832
11.432227364207439
11.295381664809419
10.815497895364372
0.0
10.750101096892177
0.0
0.0
0.0
0.0
0.0
0.0
0.0
0.0
0.0
0.0
0.0
0.0
0.0
10.857258332671643
0.0
0.0
0.0
0.0
0.0
11.396424587301349
10.78775401748028
0.0
0.0
0.0
0.0
0.0
0.0
0.0
0.0
0.0
0.0
0.0
0.0
0.0
0.0
12.135153119823002
11.752193925978911
0.0
0.0
0.0
0.0
11.236700473114407
0.0
0.0
0.0
0.0
0.0
0.0
0.0
0.0
0.0
0.0
9.949887908594915
0.0
0.0
0.0
0.0
0.0
0.0
0.0
0.0
0.0
0.0
0.0
0.0
11.820909255594888
0.0
0.0
0.0
0.0
0.0
0.0
0.0
0.0
0.0
0.0
0.0
0.0
0.0
0.0
13.150824226391537
0.0
0.0
0.0
0.0
0.0
0.0
0.0
0.0
0.0
0.0
0.0
0.0
0.0
0.0
0.0
12.289581908740253
0.0
0.0
0.0
0.0
0.0
0.0
0.0
0.0
0.0
0.0
0.0
0.0
0.0
0.0
0.0
0.0
0.0
0.0
0.0
0.0
11.552263267726163
0.0
0.0
11.727667684976629
0.0
0.0
0.0
0.0
0.0
0.0
0.0
0.0
0.0
0.0
0.0
0.0
12.518895633930677
0.0
0.0
0.0
0.0
10.53431336143202
0.0
0.0
0.0
0.0
0.0
0.0
11.146771452558056
0.0
12.96181151690692
0.0
0.0
0.0
0.0
0.0
0.0
0.0
0.0
0.0
0.0
0.0
0.0
0.0
0.0
0.0
0.0
0.0
0.0
0.0
0.0
0.0
0.0
0.0
0.0
0.0
0.0
0.0
0.0
0.0
0.0
0.0
0.0
0.0
0.0
0.0
0.0
0.0
0.0
0.0
0.0
0.0
0.0
9.11948150757346
0.0
0.0
0.0
0.0
0.0
0.0
0.0
0.0
11.735490533443183
11.543706216647495
0.0
0.0
0.0
0.0
0.0
0.0
0.0
0.0
10.324620973792147
0.0
0.0
0.0
0.0
0.0
0.0
11.8108143580768
0.0
0.0
0.0
0.0
0.0
0.0
0.0
0.0
0.0
0.0
0.0
0.0
0.0
0.0
0.0
0.0
0.0
0.0
0.0
0.0
0.0
0.0
0.0
0.0
0.0
0.0
0.0
11.88558229177098
0.0
0.0
0.0
0.0
0.0
0.0
0.0
11.273399014397086
0.0
0.0
0.0
0.0
0.0
0.0
0.0
0.0
0.0
0.0
0.0
0.0
0.0
0.0
0.0
0.0
0.0
0.0
0.0
0.0
0.0
12.50224046139636
0.0
0.0
0.0
0.0
0.0
0.0
0.0
0.0
0.0
9.776383896582995
0.0
0.0
0.0
10.090002086721652
0.0
0.0
10.910893464233613
0.0
0.0
0.0
0.0
0.0
0.0
0.0
0.0
0.0
0.0
0.0
0.0
0.0
0.0
0.0
0.0
0.0
0.0
0.0
0.0
0.0
0.0
0.0
0.0
0.0
0.0
0.0
0.0
0.0
0.0
0.0
0.0
0.0
0.0
0.0
0.0
0.0
12.54556572721846
0.0
0.0
0.0
13.082126540925218
0.0
0.0
0.0
0.0
0.0
0.0
0.0
0.0
11.61061082743662
0.0
12.346992248488927
0.0
0.0
0.0
0.0
0.0
0.0
0.0
0.0
10.837010036696725
0.0
0.0
0.0
0.0
0.0
0.0
0.0
0.0
0.0
0.0
0.0
0.0
0.0
0.0
12.225896847958404
0.0
0.0
0.0
0.0
0.0
0.0
0.0
0.0
0.0
0.0
0.0
11.305828044250594
0.0
0.0
0.0
0.0
0.0
0.0
0.0
0.0
9.968673232492947
0.0
11.927364423028424
0.0
0.0
0.0
0.0
0.0
0.0
11.84281608777216
0.0
0.0
0.0
0.0
0.0
0.0
0.0
0.0
0.0
0.0
0.0
0.0
0.0
0.0
0.0
0.0
0.0
0.0
0.0
0.0
0.0
0.0
0.0
0.0
0.0
0.0
0.0
0.0
0.0
0.0
0.0
0.0
0.0
0.0
0.0
0.0
0.0
0.0
0.0
0.0
0.0
0.0
0.0
0.0
11.720652978206225
0.0
0.0
0.0
0.0
0.0
0.0
0.0
0.0
0.0
0.0
0.0
12.394021416424641
0.0
0.0
0.0
0.0
0.0
0.0
0.0
0.0
0.0
11.321330516515337
0.0
0.0
0.0
0.0
0.0
10.93233954556855
0.0
0.0
12.605643323813432
0.0
0.0
0.0
0.0
0.0
11.61068545571564
0.0
0.0
11.001446333938617
0.0
12.596847823145705
11.055455807445975
0.0
0.0
0.0
0.0
0.0
0.0
11.502363986129577
0.0
0.0
10.626857858433794
0.0
0.0
0.0
0.0
0.0
0.0
0.0
0.0
0.0
0.0
0.0
0.0
0.0
0.0
0.0
0.0
0.0
0.0
0.0
0.0
0.0
0.0
0.0
0.0
0.0
0.0
0.0
0.0
0.0
0.0
0.0
0.0
0.0
0.0
0.0
0.0
0.0
0.0
11.494137259230707
0.0
0.0
0.0
0.0
0.0
0.0
0.0
0.0
0.0
13.101866492671984
0.0
0.0
0.0
0.0
0.0
0.0
0.0
0.0
0.0
0.0
0.0
0.0
0.0
0.0
0.0
0.0
0.0
0.0
12.00727289804776
0.0
0.0
0.0
0.0
0.0
0.0
0.0
0.0
12.967635565621276
0.0
0.0
0.0
0.0
0.0
0.0
0.0
0.0
0.0
0.0
0.0
0.0
11.803417609530564
0.0
0.0
0.0
0.0
0.0
0.0
0.0
0.0
0.0
0.0
0.0
11.007105282348553
0.0
0.0
0.0
0.0
0.0
0.0
0.0
0.0
0.0
0.0
0.0
0.0
0.0
0.0
0.0
0.0
0.0
0.0
0.0
0.0
0.0
0.0
0.0
0.0
0.0
12.676499265445845
0.0
12.082353516755525
0.0
12.982227243870122
0.0
0.0
0.0
0.0
11.17318638352564
0.0
10.749106682987255
0.0
0.0
0.0
0.0
0.0
0.0
0.0
0.0
0.0
0.0
0.0
0.0
0.0
0.0
0.0
0.0
0.0
0.0
10.700178021343646
0.0
0.0
0.0
0.0
0.0
0.0
0.0
0.0
0.0
0.0
0.0
0.0
0.0
0.0
0.0
0.0
0.0
0.0
0.0
0.0
0.0
0.0
0.0
0.0
0.0
0.0
0.0
0.0
0.0
0.0
0.0
0.0
0.0
0.0
0.0
0.0
11.328424706089063
10.5073240238817
0.0
0.0
0.0
0.0
0.0
0.0
0.0
0.0
0.0
0.0
0.0
0.0
0.0
0.0
0.0
11.928137887714332
13.199091018559308
0.0
12.142274778840868
0.0
0.0
0.0
0.0
0.0
0.0
0.0
0.0
0.0
0.0
0.0
0.0
0.0
12.550543392011123
0.0
0.0
0.0
0.0
0.0
0.0
0.0
0.0
0.0
0.0
0.0
0.0
0.0
0.0
0.0
0.0
0.0
0.0
0.0
0.0
0.0
0.0
10.834870884182013
0.0
0.0
0.0
0.0
0.0
0.0
0.0
0.0
0.0
11.553163722226971
0.0
0.0
0.0
0.0
0.0
0.0
0.0
0.0
0.0
0.0
0.0
0.0
11.410506330185314
0.0
0.0
0.0
0.0
0.0
0.0
0.0
0.0
0.0
0.0
10.941512476482835
0.0
0.0
0.0
11.61242661501868
0.0
0.0
0.0
0.0
0.0
12.836506130725539
0.0
0.0
0.0
0.0
12.40183027607349
0.0
0.0
0.0
0.0
0.0
0.0
0.0
0.0
0.0
0.0
12.664325480335659
0.0
0.0
0.0
0.0
0.0
0.0
11.058750691687075
0.0
0.0
0.0
0.0
12.227694723487165
0.0
0.0
11.619496162394695
12.322765313787555
11.328498314485538
0.0
0.0
0.0
0.0
0.0
0.0
0.0
0.0
0.0
0.0
0.0
12.054391641094831
0.0
0.0
11.54378115336083
0.0
0.0
11.66088569100342
0.0
0.0
10.908968116646312
0.0
0.0
0.0
0.0
0.0
0.0
0.0
0.0
0.0
0.0
0.0
0.0
0.0
0.0
0.0
0.0
0.0
0.0
0.0
0.0
11.990589851338465
0.0
0.0
0.0
0.0
0.0
0.0
0.0
0.0
0.0
0.0
12.077483216283728
11.966153867810645
0.0
0.0
0.0
0.0
0.0
0.0
0.0
0.0
0.0
0.0
0.0
0.0
0.0
0.0
0.0
0.0
0.0
0.0
0.0
0.0
0.0
0.0
0.0
0.0
0.0
0.0
0.0
0.0
0.0
0.0
0.0
0.0
0.0
11.530884857390303
0.0
0.0
0.0
0.0
0.0
0.0
0.0
0.0
0.0
0.0
0.0
9.912984625662398
0.0
0.0
12.575922216241604
12.062823335504103
0.0
0.0
0.0
0.0
0.0
0.0
11.1729397643095
0.0
0.0
0.0
0.0
0.0
0.0
0.0
0.0
0.0
0.0
0.0
0.0
0.0
0.0
0.0
11.54102977033336
0.0
0.0
0.0
0.0
0.0
0.0
0.0
0.0
0.0
0.0
0.0
0.0
0.0
0.0
0.0
0.0
0.0
0.0
0.0
0.0
0.0
0.0
0.0
0.0
0.0
0.0
0.0
0.0
0.0
0.0
0.0
0.0
0.0
0.0
11.515185198154523
0.0
0.0
0.0
0.0
0.0
0.0
0.0
0.0
0.0
0.0
0.0
0.0
0.0
0.0
0.0
0.0
0.0
11.881353776828028
0.0
0.0
0.0
0.0
11.569678864559814
0.0
0.0
0.0
0.0
0.0
0.0
0.0
0.0
11.402363421927191
0.0
0.0
0.0
0.0
0.0
0.0
0.0
0.0
0.0
0.0
0.0
12.56897494631448
0.0
0.0
0.0
0.0
11.244875118819463
0.0
12.567241321237905
0.0
0.0
0.0
0.0
0.0
11.523825461780287
0.0
0.0
0.0
12.123216252708742
0.0
0.0
0.0
0.0
0.0
0.0
12.205266640121636
0.0
0.0
0.0
0.0
0.0
0.0
0.0
0.0
0.0
0.0
0.0
0.0
0.0
11.705780370354438
0.0
0.0
0.0
0.0
0.0
0.0
0.0
0.0
0.0
0.0
0.0
0.0
0.0
0.0
0.0
0.0
0.0
0.0
0.0
0.0
0.0
0.0
0.0
0.0
0.0
0.0
0.0
0.0
0.0
0.0
0.0
10.972571728603757
0.0
0.0
0.0
0.0
0.0
0.0
0.0
0.0
11.619591591919196
0.0
11.83258038291085
0.0
12.62934966571986
0.0
0.0
0.0
11.841344832922942
0.0
0.0
13.18171764953959
0.0
0.0
0.0
0.0
0.0
0.0
0.0
0.0
0.0
10.469250626257521
0.0
0.0
0.0
0.0
0.0
0.0
0.0
0.0
0.0
0.0
0.0
0.0
0.0
0.0
0.0
0.0
0.0
0.0
0.0
0.0
0.0
0.0
0.0
0.0
12.383897079986617
0.0
0.0
0.0
0.0
0.0
0.0
0.0
0.0
0.0
0.0
0.0
10.919290872071405
11.876038507886275
0.0
0.0
0.0
0.0
0.0
0.0
0.0
0.0
0.0
0.0
0.0
0.0
0.0
0.0
0.0
10.442290682087155
0.0
0.0
0.0
0.0
0.0
0.0
0.0
0.0
0.0
0.0
0.0
0.0
0.0
0.0
12.069121568832685
0.0
0.0
0.0
0.0
0.0
0.0
10.715248707671945
12.896719365022106
0.0
0.0
0.0
0.0
12.366610929754756
0.0
0.0
0.0
0.0
0.0
0.0
11.889840661443266
0.0
0.0
12.731715205248296
0.0
0.0
0.0
0.0
0.0
0.0
0.0
13.142360987306308
0.0
0.0
0.0
0.0
0.0
0.0
10.455316952676494
0.0
0.0
0.0
0.0
0.0
0.0
0.0
0.0
0.0
0.0
0.0
0.0
11.14438548209539
0.0
0.0
0.0
0.0
0.0
0.0
0.0
0.0
0.0
0.0
12.532505295050015
0.0
0.0
0.0
0.0
0.0
0.0
0.0
0.0
12.262902524994082
0.0
0.0
0.0
0.0
0.0
0.0
0.0
0.0
0.0
0.0
0.0
0.0
0.0
11.243562614809564
0.0
11.48095016401608
0.0
0.0
0.0
12.625995814920689
0.0
10.79617140240143
0.0
0.0
0.0
0.0
0.0
0.0
0.0
0.0
0.0
10.460744112050559
0.0
12.312136889793925
0.0
0.0
0.0
0.0
0.0
0.0
0.0
0.0
0.0
0.0
11.325437219995786
0.0
0.0
0.0
0.0
0.0
0.0
0.0
0.0
0.0
0.0
0.0
0.0
0.0
0.0
11.054506449981272
0.0
0.0
0.0
0.0
0.0
0.0
10.752848980503938
0.0
0.0
0.0
0.0
0.0
0.0
0.0
0.0
0.0
0.0
0.0
0.0
0.0
0.0
0.0
0.0
0.0
0.0
0.0
0.0
0.0
0.0
0.0
0.0
0.0
0.0
0.0
0.0
0.0
0.0
0.0
0.0
0.0
0.0
0.0
0.0
0.0
0.0
0.0
0.0
0.0
0.0
0.0
0.0
0.0
0.0
0.0
0.0
0.0
0.0
0.0
0.0
10.013395781702041
0.0
0.0
0.0
0.0
0.0
0.0
0.0
0.0
12.55631802035033
0.0
0.0
0.0
0.0
0.0
0.0
0.0
0.0
0.0
0.0
0.0
0.0
0.0
0.0
0.0
0.0
0.0
0.0
0.0
0.0
0.0
0.0
0.0
0.0
0.0
0.0
0.0
0.0
0.0
12.029957820284656
0.0
0.0
0.0
12.421081934401464
0.0
0.0
0.0
0.0
0.0
0.0
0.0
0.0
0.0
0.0
0.0
0.0
0.0
0.0
0.0
0.0
0.0
11.893673764525362
0.0
0.0
12.509992450289056
0.0
0.0
0.0
0.0
0.0
0.0
0.0
0.0
0.0
0.0
0.0
11.563499734598016
0.0
11.82057998215026
11.947239067565361
0.0
0.0
0.0
0.0
0.0
0.0
0.0
0.0
0.0
0.0
0.0
0.0
0.0
0.0
0.0
0.0
0.0
0.0
0.0
0.0
0.0
0.0
0.0
0.0
0.0
0.0
0.0
0.0
0.0
0.0
0.0
10.609451795299382
0.0
0.0
0.0
0.0
0.0
0.0
0.0
0.0
0.0
0.0
12.37544780795094
0.0
0.0
0.0
0.0
0.0
0.0
0.0
0.0
0.0
0.0
0.0
0.0
11.560637549245886
0.0
0.0
0.0
0.0
0.0
0.0
0.0
0.0
0.0
0.0
0.0
0.0
0.0
11.951320512589142
0.0
0.0
0.0
11.239913223424198
0.0
0.0
0.0
0.0
0.0
0.0
0.0
0.0
0.0
0.0
0.0
0.0
0.0
11.781771063073789
0.0
0.0
0.0
0.0
11.880407718394398
0.0
0.0
0.0
0.0
0.0
0.0
0.0
12.41175243279259
0.0
13.033923699346479
0.0
0.0
0.0
0.0
0.0
0.0
0.0
0.0
0.0
0.0
0.0
0.0
0.0
0.0
0.0
0.0
11.680377650817437
0.0
0.0
0.0
0.0
0.0
0.0
11.428215589000501
0.0
0.0
0.0
0.0
0.0
0.0
0.0
0.0
0.0
0.0
0.0
0.0
0.0
11.230887828879034
0.0
0.0
0.0
0.0
0.0
0.0
12.594896555790491
0.0
0.0
0.0
0.0
0.0
10.02249760656974
0.0
0.0
0.0
0.0
0.0
0.0
0.0
0.0
10.429084572555109
0.0
0.0
0.0
0.0
0.0
0.0
0.0
0.0
0.0
0.0
0.0
0.0
0.0
0.0
0.0
11.070062346641192
0.0
0.0
0.0
12.900957222566863
0.0
0.0
0.0
0.0
0.0
0.0
0.0
11.783476623762255
0.0
0.0
0.0
0.0
0.0
0.0
0.0
0.0
0.0
0.0
0.0
0.0
0.0
0.0
0.0
0.0
0.0
0.0
0.0
0.0
11.26604567556074
0.0
0.0
0.0
0.0
10.289300593052474
0.0
0.0
12.402544839801152
0.0
0.0
0.0
0.0
0.0
0.0
0.0
0.0
0.0
0.0
0.0
0.0
0.0
11.657541962562224
11.786576376854928
0.0
0.0
0.0
0.0
0.0
0.0
0.0
0.0
0.0
0.0
0.0
13.21719330988086
0.0
0.0
0.0
0.0
0.0
9.838088233085612
0.0
0.0
0.0
0.0
0.0
12.854542568934598
0.0
0.0
11.085270667564226
0.0
0.0
0.0
0.0
10.936780098665976
0.0
0.0
13.077114566119363
0.0
0.0
0.0
9.477977499622071
0.0
0.0
0.0
0.0
9.951773322860804
0.0
11.250531947504454
11.462017861492086
0.0
0.0
0.0
11.66326355625375
0.0
0.0
0.0
0.0
0.0
0.0
0.0
0.0
0.0
13.02674717659088
0.0
0.0
0.0
0.0
0.0
0.0
0.0
0.0
0.0
0.0
0.0
0.0
0.0
0.0
0.0
11.870881075927922
0.0
0.0
0.0
0.0
0.0
0.0
0.0
0.0
12.16675782454015
0.0
0.0
0.0
0.0
0.0
0.0
0.0
11.08784306259086
0.0
0.0
0.0
12.306540723209743
0.0
0.0
0.0
0.0
0.0
0.0
0.0
0.0
0.0
0.0
0.0
0.0
0.0
0.0
0.0
0.0
0.0
0.0
0.0
0.0
9.98923221396345
0.0
0.0
0.0
0.0
0.0
0.0
0.0
0.0
0.0
0.0
0.0
0.0
10.233330457778512
0.0
0.0
0.0
0.0
0.0
0.0
0.0
0.0
0.0
12.335227998612536
0.0
0.0
0.0
0.0
0.0
0.0
0.0
0.0
0.0
0.0
0.0
0.0
0.0
0.0
0.0
0.0
0.0
0.0
0.0
0.0
11.191593887462934
0.0
0.0
0.0
0.0
11.056673293648284
0.0
0.0
0.0
0.0
0.0
0.0
0.0
0.0
0.0
0.0
0.0
0.0
0.0
0.0
0.0
0.0
0.0
0.0
0.0
0.0
0.0
0.0
0.0
0.0
0.0
0.0
0.0
0.0
0.0
0.0
0.0
0.0
0.0
0.0
0.0
0.0
0.0
0.0
0.0
0.0
0.0
0.0
0.0
0.0
0.0
0.0
0.0
11.956043462048996
0.0
0.0
0.0
0.0
0.0
0.0
0.0
0.0
0.0
0.0
0.0
0.0
0.0
0.0
0.0
0.0
0.0
0.0
11.245894102488547
0.0
0.0
0.0
11.699700822387715
0.0
0.0
0.0
0.0
0.0
0.0
0.0
0.0
0.0
0.0
0.0
0.0
0.0
0.0
0.0
0.0
0.0
0.0
0.0
0.0
0.0
0.0
0.0
0.0
0.0
11.729128556983202
0.0
0.0
0.0
0.0
0.0
0.0
0.0
11.410710768611118
0.0
0.0
0.0
12.978524179740422
0.0
0.0
0.0
0.0
12.572325430844861
0.0
12.370844011421603
0.0
0.0
0.0
0.0
0.0
0.0
0.0
0.0
0.0
0.0
0.0
0.0
11.855936418098121
0.0
0.0
0.0
0.0
0.0
0.0
0.0
0.0
0.0
0.0
0.0
0.0
10.532989046176207
11.483304707187767
0.0
0.0
10.391231371342304
0.0
11.633018429728715
0.0
0.0
0.0
0.0
0.0
0.0
0.0
0.0
10.74767871690047
0.0
0.0
0.0
0.0
0.0
0.0
0.0
11.177739829281164
0.0
0.0
0.0
11.920216360720227
0.0
0.0
0.0
0.0
0.0
10.78384868636561
0.0
0.0
0.0
0.0
11.022271870748758
0.0
0.0
0.0
0.0
0.0
0.0
0.0
0.0
0.0
0.0
0.0
0.0
0.0
0.0
0.0
0.0
0.0
0.0
10.911406795117106
0.0
0.0
0.0
0.0
0.0
0.0
0.0
0.0
0.0
0.0
0.0
0.0
0.0
0.0
0.0
12.47731149097462
0.0
0.0
0.0
0.0
0.0
0.0
0.0
13.031630687445222
0.0
0.0
0.0
13.070857451178886
0.0
0.0
0.0
0.0
0.0
0.0
0.0
12.48478878371268
11.086174622198914
0.0
0.0
0.0
0.0
10.77504625650972
0.0
0.0
12.30705557637199
0.0
0.0
0.0
0.0
0.0
0.0
0.0
0.0
0.0
0.0
0.0
0.0
0.0
0.0
10.721860711864995
0.0
11.516960800392484
12.995759964452795
0.0
0.0
0.0
0.0
0.0
0.0
0.0
0.0
0.0
0.0
0.0
0.0
0.0
0.0
11.091164471023818
0.0
0.0
12.001537516555297
0.0
0.0
11.639044446463728
0.0
0.0
0.0
0.0
0.0
0.0
0.0
0.0
0.0
11.256090651210755
0.0
0.0
0.0
0.0
0.0
0.0
13.074923532380316
0.0
0.0
0.0
0.0
0.0
0.0
11.387843094762488
0.0
11.180430282017422
11.205193718349836
0.0
0.0
0.0
0.0
0.0
0.0
0.0
0.0
0.0
0.0
0.0
0.0
0.0
0.0
0.0
0.0
0.0
0.0
0.0
0.0
0.0
0.0
0.0
0.0
0.0
0.0
0.0
0.0
12.972621404847072
0.0
0.0
0.0
0.0
0.0
0.0
0.0
0.0
0.0
0.0
0.0
0.0
0.0
0.0
0.0
0.0
0.0
0.0
0.0
0.0
0.0
0.0
0.0
11.95445556149351
0.0
9.599064829836168
0.0
0.0
0.0
0.0
0.0
0.0
0.0
0.0
0.0
0.0
0.0
0.0
0.0
0.0
0.0
0.0
0.0
0.0
0.0
0.0
0.0
0.0
12.928162585444776
12.29814487919906
0.0
0.0
11.242279632283203
0.0
0.0
0.0
0.0
0.0
0.0
0.0
0.0
0.0
0.0
11.321412712601992
0.0
0.0
0.0
12.7156443172567
0.0
0.0
0.0
0.0
0.0
0.0
0.0
0.0
0.0
0.0
0.0
0.0
0.0
0.0
11.508276674843392
0.0
0.0
0.0
0.0
0.0
0.0
0.0
0.0
0.0
0.0
0.0
0.0
12.976916000733125
0.0
0.0
0.0
10.509194300417805
0.0
0.0
0.0
0.0
12.70509337360937
0.0
0.0
0.0
11.186983039197678
0.0
0.0
0.0
0.0
0.0
0.0
0.0
0.0
0.0
0.0
0.0
0.0
10.814921364002567
9.665928642511593
0.0
0.0
0.0
0.0
0.0
0.0
12.16937194638297
0.0
0.0
0.0
0.0
0.0
0.0
0.0
0.0
0.0
0.0
0.0
0.0
0.0
0.0
0.0
0.0
0.0
0.0
0.0
0.0
0.0
0.0
0.0
0.0
0.0
0.0
0.0
0.0
0.0
0.0
0.0
0.0
0.0
0.0
0.0
0.0
0.0
0.0
0.0
0.0
0.0
0.0
0.0
12.81326162517031
0.0
0.0
0.0
0.0
0.0
0.0
0.0
0.0
0.0
0.0
0.0
0.0
0.0
0.0
0.0
0.0
0.0
0.0
0.0
0.0
0.0
0.0
0.0
0.0
0.0
0.0
0.0
0.0
0.0
0.0
0.0
0.0
0.0
0.0
0.0
0.0
0.0
0.0
0.0
0.0
0.0
11.546040397286534
0.0
0.0
9.882390945576812
0.0
0.0
0.0
0.0
0.0
0.0
0.0
0.0
0.0
0.0
0.0
0.0
0.0
0.0
0.0
0.0
0.0
0.0
0.0
0.0
0.0
0.0
0.0
0.0
0.0
0.0
0.0
12.598540615707535
0.0
0.0
0.0
0.0
0.0
0.0
0.0
0.0
0.0
12.115328370797153
0.0
0.0
0.0
0.0
0.0
0.0
0.0
0.0
0.0
0.0
0.0
0.0
0.0
0.0
10.739900378924798
0.0
0.0
0.0
0.0
0.0
0.0
0.0
0.0
0.0
0.0
0.0
0.0
0.0
0.0
0.0
0.0
0.0
0.0
0.0
0.0
0.0
0.0
0.0
0.0
0.0
0.0
0.0
0.0
0.0
12.797187247230932
0.0
0.0
0.0
0.0
12.99600858383122
0.0
0.0
0.0
0.0
0.0
0.0
0.0
0.0
0.0
10.955424160982595
0.0
0.0
10.602585048248958
0.0
0.0
0.0
0.0
0.0
0.0
0.0
0.0
0.0
0.0
0.0
0.0
0.0
0.0
10.473799357445346
0.0
0.0
0.0
0.0
0.0
0.0
0.0
0.0
0.0
0.0
0.0
0.0
0.0
0.0
0.0
0.0
0.0
0.0
0.0
0.0
0.0
0.0
0.0
0.0
0.0
0.0
0.0
0.0
12.615603413093968
0.0
12.689071234006938
0.0
0.0
0.0
0.0
0.0
0.0
0.0
0.0
0.0
0.0
0.0
0.0
0.0
0.0
0.0
0.0
0.0
0.0
0.0
0.0
0.0
0.0
0.0
0.0
0.0
0.0
0.0
0.0
0.0
0.0
0.0
0.0
0.0
0.0
0.0
0.0
0.0
0.0
12.149516293077799
0.0
0.0
0.0
0.0
0.0
0.0
0.0
0.0
0.0
0.0
0.0
0.0
0.0
0.0
0.0
0.0
0.0
0.0
0.0
0.0
0.0
0.0
0.0
0.0
9.614274683932619
0.0
0.0
0.0
0.0
0.0
0.0
0.0
0.0
0.0
0.0
0.0
0.0
11.951698356581446
0.0
0.0
11.059296333836475
0.0
0.0
0.0
0.0
0.0
0.0
0.0
0.0
12.241127715425458
0.0
0.0
0.0
0.0
0.0
0.0
0.0
0.0
0.0
0.0
0.0
0.0
0.0
0.0
12.214811479441153
0.0
0.0
0.0
0.0
0.0
0.0
0.0
0.0
0.0
0.0
0.0
0.0
0.0
0.0
0.0
0.0
0.0
0.0
0.0
0.0
0.0
0.0
0.0
0.0
0.0
11.785084495412216
0.0
0.0
0.0
0.0
0.0
0.0
0.0
0.0
0.0
0.0
0.0
0.0
0.0
11.177588459177096
0.0
0.0
0.0
0.0
0.0
11.341440636508798
0.0
0.0
0.0
0.0
0.0
0.0
0.0
0.0
0.0
0.0
0.0
0.0
0.0
0.0
0.0
0.0
0.0
0.0
10.837700938760246
0.0
0.0
0.0
0.0
11.37079053223641
0.0
0.0
0.0
0.0
11.222629855298907
11.194873827703871
0.0
0.0
0.0
0.0
0.0
0.0
0.0
0.0
0.0
0.0
0.0
0.0
11.0256614399349
0.0
0.0
12.881034629112106
11.684669806479366
0.0
0.0
0.0
0.0
0.0
0.0
0.0
0.0
0.0
0.0
0.0
0.0
0.0
0.0
0.0
0.0
11.91474611271061
0.0
0.0
11.84263928995695
0.0
0.0
0.0
11.611714945823671
0.0
0.0
0.0
0.0
12.093387779850694
0.0
0.0
0.0
0.0
0.0
0.0
0.0
0.0
0.0
0.0
0.0
0.0
0.0
0.0
0.0
0.0
0.0
0.0
0.0
0.0
0.0
0.0
0.0
0.0
11.615383548978173
0.0
0.0
0.0
0.0
0.0
0.0
0.0
0.0
0.0
0.0
0.0
11.764204561604787
0.0
0.0
0.0
0.0
0.0
0.0
0.0
0.0
0.0
0.0
0.0
0.0
0.0
0.0
0.0
0.0
0.0
0.0
0.0
10.303746928497082
0.0
0.0
0.0
0.0
0.0
0.0
0.0
0.0
0.0
0.0
0.0
0.0
0.0
12.005773933718
0.0
0.0
0.0
0.0
0.0
0.0
0.0
0.0
0.0
0.0
12.064970387709147
0.0
0.0
0.0
12.755497360611683
0.0
0.0
0.0
0.0
10.158383036673843
0.0
0.0
0.0
9.773324413838013
0.0
0.0
0.0
0.0
0.0
0.0
0.0
12.352490526494279
0.0
0.0
0.0
0.0
0.0
11.65199430996839
11.606463135222414
0.0
0.0
0.0
11.752642246588549
12.879181461948038
0.0
0.0
0.0
0.0
0.0
0.0
0.0
0.0
0.0
0.0
0.0
0.0
0.0
0.0
0.0
0.0
0.0
0.0
0.0
0.0
0.0
0.0
0.0
0.0
0.0
12.744236498525984
0.0
12.777086301554894
0.0
0.0
0.0
11.657794504637852
0.0
0.0
0.0
11.315236733807895
0.0
0.0
12.209104016401112
0.0
0.0
0.0
0.0
0.0
0.0
0.0
0.0
0.0
0.0
11.86890999110257
0.0
0.0
0.0
0.0
0.0
0.0
0.0
0.0
0.0
0.0
0.0
0.0
0.0
0.0
0.0
0.0
0.0
0.0
0.0
11.835196591370757
0.0
0.0
0.0
0.0
12.160191626173404
0.0
0.0
0.0
9.650602642952956
0.0
0.0
0.0
0.0
0.0
0.0
0.0
0.0
0.0
10.889301327456936
0.0
0.0
0.0
12.12059956171431
0.0
0.0
0.0
0.0
0.0
0.0
0.0
0.0
12.978190115241622
0.0
0.0
0.0
0.0
0.0
0.0
0.0
0.0
0.0
0.0
0.0
0.0
0.0
0.0
0.0
0.0
11.11868970061895
0.0
12.6083922838603
0.0
0.0
0.0
0.0
11.060952433357414
0.0
0.0
0.0
0.0
0.0
0.0
0.0
0.0
0.0
12.121273129381219
0.0
0.0
0.0
0.0
0.0
0.0
0.0
0.0
0.0
0.0
10.977583137432532
11.667438209922516
0.0
0.0
11.581996667996208
0.0
12.401991576634513
0.0
0.0
11.976272510537214
0.0
12.764306997269697
0.0
0.0
0.0
0.0
0.0
0.0
0.0
0.0
0.0
0.0
0.0
0.0
0.0
0.0
0.0
0.0
0.0
0.0
0.0
0.0
0.0
0.0
0.0
0.0
0.0
0.0
0.0
0.0
0.0
0.0
0.0
0.0
0.0
0.0
0.0
0.0
0.0
0.0
0.0
0.0
10.949233435983901
0.0
0.0
0.0
13.108380036675277
0.0
10.790213064928478
0.0
0.0
0.0
0.0
0.0
0.0
0.0
0.0
0.0
0.0
0.0
0.0
0.0
0.0
0.0
0.0
0.0
0.0
0.0
0.0
0.0
0.0
0.0
0.0
12.173770138657407
0.0
0.0
0.0
0.0
0.0
0.0
0.0
11.3638818985042
0.0
13.162670607521825
0.0
0.0
0.0
11.87638308940754
0.0
11.29310080274714
0.0
0.0
12.883990664721402
11.334690996361125
0.0
0.0
0.0
0.0
0.0
0.0
0.0
12.943095263396836
0.0
0.0
0.0
0.0
0.0
0.0
0.0
0.0
0.0
10.911745537252228
0.0
10.735604462627224
0.0
0.0
0.0
0.0
0.0
11.29578535996021
0.0
0.0
0.0
0.0
0.0
0.0
0.0
0.0
0.0
0.0
0.0
0.0
0.0
0.0
0.0
0.0
0.0
0.0
0.0
0.0
0.0
0.0
0.0
0.0
0.0
0.0
0.0
0.0
0.0
11.871419222722828
0.0
0.0
0.0
0.0
0.0
0.0
0.0
0.0
0.0
0.0
0.0
0.0
0.0
11.477689790220714
0.0
0.0
11.306580141711803
0.0
0.0
0.0
0.0
0.0
0.0
0.0
0.0
0.0
0.0
0.0
0.0
0.0
0.0
0.0
0.0
0.0
0.0
0.0
0.0
0.0
0.0
0.0
0.0
0.0
0.0
0.0
11.992712854089838
0.0
0.0
0.0
0.0
0.0
0.0
0.0
0.0
0.0
0.0
0.0
0.0
0.0
0.0
0.0
0.0
0.0
0.0
0.0
0.0
0.0
0.0
0.0
0.0
10.196593475189614
10.78638173262991
0.0
0.0
0.0
0.0
0.0
11.820835547275788
0.0
0.0
12.469984486042726
0.0
0.0
0.0
0.0
0.0
0.0
0.0
0.0
0.0
0.0
0.0
0.0
0.0
0.0
0.0
0.0
0.0
0.0
0.0
0.0
0.0
0.0
0.0
0.0
0.0
0.0
0.0
0.0
0.0
12.000855359390176
0.0
9.12918040666112
0.0
9.638868188769639
0.0
0.0
0.0
0.0
0.0
0.0
0.0
0.0
0.0
0.0
0.0
0.0
0.0
0.0
9.350248751178276
0.0
0.0
0.0
0.0
0.0
0.0
0.0
12.720860451293131
0.0
0.0
0.0
0.0
0.0
0.0
0.0
0.0
0.0
0.0
0.0
0.0
0.0
0.0
0.0
0.0
0.0
12.735217291737522
0.0
0.0
0.0
0.0
0.0
0.0
0.0
10.735459926321095
0.0
0.0
0.0
0.0
0.0
0.0
0.0
0.0
0.0
0.0
11.017708945702188
0.0
0.0
0.0
0.0
0.0
0.0
0.0
0.0
0.0
0.0
0.0
11.522901347132064
0.0
0.0
0.0
0.0
0.0
0.0
0.0
0.0
0.0
0.0
11.091200144811125
0.0
0.0
0.0
0.0
11.203237909471957
0.0
0.0
0.0
0.0
9.658622012916354
10.469359666993904
0.0
0.0
0.0
0.0
12.476565121276767
0.0
0.0
0.0
0.0
0.0
0.0
0.0
0.0
0.0
0.0
0.0
11.849201828655794
0.0
0.0
0.0
0.0
0.0
0.0
0.0
0.0
0.0
0.0
0.0
0.0
0.0
11.290959161924246
0.0
0.0
0.0
0.0
10.514291282367024
0.0
0.0
0.0
0.0
0.0
0.0
0.0
0.0
0.0
10.405621599279526
0.0
0.0
0.0
0.0
10.640041902028477
0.0
0.0
0.0
11.103890257163807
0.0
0.0
0.0
0.0
0.0
0.0
11.794901096117192
11.435676447840546
0.0
0.0
0.0
13.093093019762346
0.0
0.0
0.0
0.0
0.0
10.826771651931468
0.0
0.0
0.0
0.0
0.0
12.278951777902519
0.0
0.0
0.0
11.509132301798637
0.0
0.0
0.0
0.0
0.0
0.0
0.0
0.0
0.0
0.0
0.0
0.0
0.0
0.0
0.0
0.0
0.0
0.0
0.0
0.0
0.0
0.0
0.0
0.0
0.0
0.0
0.0
0.0
0.0
0.0
0.0
0.0
0.0
0.0
0.0
0.0
0.0
0.0
0.0
11.297607959947783
12.528694626854248
0.0
0.0
0.0
0.0
0.0
0.0
0.0
0.0
0.0
0.0
0.0
0.0
0.0
0.0
0.0
0.0
0.0
0.0
0.0
10.71868353273405
0.0
11.736270067176887
0.0
0.0
10.776266891832929
0.0
0.0
0.0
0.0
0.0
0.0
0.0
0.0
12.446519219635155
0.0
0.0
12.505722808970393
0.0
0.0
12.516154461268139
0.0
0.0
0.0
0.0
0.0
0.0
0.0
0.0
0.0
0.0
0.0
0.0
0.0
0.0
0.0
0.0
10.926781656702984
0.0
0.0
0.0
0.0
0.0
0.0
0.0
0.0
0.0
11.83942434125024
0.0
0.0
0.0
0.0
0.0
0.0
0.0
0.0
0.0
0.0
0.0
0.0
10.78092636751127
0.0
0.0
0.0
0.0
0.0
12.892417150589715
0.0
0.0
12.04809162605706
0.0
0.0
0.0
0.0
0.0
0.0
0.0
0.0
0.0
0.0
0.0
11.071414230684343
0.0
0.0
0.0
0.0
0.0
11.107760346946586
0.0
0.0
0.0
0.0
0.0
0.0
0.0
0.0
0.0
0.0
0.0
0.0
0.0
0.0
0.0
11.704384641166167
0.0
0.0
0.0
0.0
0.0
0.0
0.0
0.0
0.0
0.0
0.0
0.0
0.0
0.0
0.0
0.0
0.0
11.94136163037519
11.748846015445036
0.0
0.0
0.0
0.0
0.0
0.0
12.040944399966829
0.0
0.0
12.813740114971267
0.0
0.0
11.257314668408469
0.0
0.0
0.0
0.0
0.0
12.572139049717238
0.0
0.0
0.0
0.0
0.0
10.932260348358167
0.0
0.0
0.0
11.924353803966396
0.0
0.0
0.0
0.0
10.894055537574769
0.0
0.0
0.0
0.0
0.0
0.0
0.0
0.0
12.994701172508211
0.0
0.0
11.10456231116634
0.0
0.0
0.0
0.0
0.0
0.0
0.0
0.0
0.0
12.68237152937552
11.60521149626159
0.0
0.0
0.0
0.0
0.0
0.0
0.0
0.0
11.295746484310715
0.0
0.0
0.0
0.0
0.0
0.0
0.0
0.0
0.0
11.575119623266776
0.0
0.0
0.0
0.0
0.0
11.010864641341213
0.0
0.0
0.0
0.0
0.0
0.0
0.0
0.0
0.0
0.0
0.0
0.0
0.0
0.0
0.0
0.0
0.0
12.814820558257855
0.0
11.922353200421483
0.0
11.956444717238863
0.0
0.0
0.0
0.0
0.0
0.0
11.908789479370524
0.0
0.0
10.983260540708953
0.0
0.0
0.0
0.0
12.017306000372951
0.0
0.0
0.0
0.0
0.0
0.0
0.0
0.0
0.0
0.0
0.0
0.0
0.0
0.0
0.0
0.0
0.0
0.0
0.0
0.0
0.0
0.0
0.0
0.0
0.0
0.0
0.0
0.0
0.0
0.0
0.0
0.0
0.0
0.0
0.0
0.0
0.0
0.0
0.0
0.0
0.0
0.0
0.0
0.0
0.0
0.0
11.908499949607064
0.0
0.0
0.0
0.0
0.0
0.0
0.0
0.0
0.0
0.0
0.0
0.0
0.0
0.0
0.0
0.0
0.0
0.0
0.0
0.0
13.163882516061467
0.0
0.0
0.0
0.0
0.0
10.893648764245679
0.0
0.0
0.0
0.0
0.0
0.0
12.811573099509156
0.0
8.908458668941446
0.0
0.0
11.077854427030084
0.0
0.0
12.555852417038201
0.0
11.045642929734228
0.0
0.0
0.0
0.0
0.0
0.0
9.588782973577034
0.0
0.0
0.0
0.0
0.0
0.0
0.0
0.0
0.0
0.0
0.0
0.0
11.172694327010923
11.697812135307668
0.0
0.0
11.596608948588203
0.0
0.0
0.0
0.0
0.0
0.0
0.0
0.0
0.0
11.051633903790723
0.0
0.0
0.0
0.0
0.0
0.0
0.0
0.0
0.0
0.0
0.0
11.836861091835045
12.569401628257884
0.0
0.0
0.0
0.0
0.0
0.0
0.0
0.0
12.944023994900551
0.0
8.078398849223293
10.84324049937782
0.0
0.0
0.0
0.0
0.0
0.0
0.0
0.0
0.0
0.0
0.0
0.0
0.0
0.0
0.0
0.0
11.032171856382528
0.0
11.241165121760238
0.0
0.0
0.0
0.0
0.0
0.0
0.0
0.0
0.0
0.0
0.0
0.0
0.0
10.850953366235386
0.0
0.0
10.415282886668114
0.0
0.0
12.517693139388188
0.0
0.0
0.0
0.0
0.0
11.561195254842769
0.0
11.470107707246232
0.0
12.035175656454697
0.0
0.0
0.0
0.0
0.0
0.0
0.0
0.0
0.0
0.0
0.0
12.664756806243503
0.0
12.35221109841102
0.0
0.0
0.0
0.0
0.0
0.0
0.0
0.0
11.562242401229206
0.0
0.0
0.0
11.294571939378226
0.0
0.0
0.0
0.0
0.0
0.0
0.0
0.0
0.0
0.0
0.0
0.0
0.0
0.0
0.0
0.0
0.0
0.0
0.0
0.0
0.0
0.0
12.3337899692959
0.0
0.0
0.0
0.0
0.0
0.0
10.288935645021517
0.0
0.0
0.0
0.0
0.0
0.0
0.0
0.0
0.0
0.0
10.688738910333814
0.0
10.932422732096173
0.0
0.0
0.0
0.0
0.0
0.0
0.0
0.0
0.0
0.0
0.0
0.0
0.0
0.0
0.0
0.0
0.0
0.0
0.0
0.0
0.0
11.244721959574656
0.0
0.0
0.0
0.0
0.0
0.0
0.0
0.0
0.0
